MJD	m	dm	uJy	duJy	F	err	chi/N	RA	Dec	x	y	maj	min	phi	apfit	mag5sig	Sky	Obs
59181.55059065	>19.53	0.0	25.55730544226732	26.766096915888074	o	>19.53	1.08	170.42086	20.17485	5313.49	3523.63	3.0	2.6	>19.53	-0.3917	18.59	173.6	01a59181o0712o
59181.55335085	>19.58	0.0	2.4992374269951174	25.304778948325566	o	>19.58	1.06	170.42086	20.17485	5292.96	3481.2	2.76	2.58	>19.58	-0.3857	18.63	181.0	01a59181o0718o
59181.55980605	>19.77	0.0	-0.5018116527428642	21.57790106794316	o	>19.77	1.03	170.42086	20.17485	5351.24	3558.91	2.45	2.33	>19.77	-0.3967	18.78	180.2	01a59181o0732o
59181.57040105	>19.30999564335551	0.0	49.1307927754246	22.815724280325384	o	>19.30999564335551	1.32	170.42086	20.17485	5370.92	3441.74	2.66	2.43	>19.30999564335551	-0.3877	18.77	182.1	01a59181o0755o
59183.57507045	>18.97	0.0	-21.471004788449427	46.53985362253093	o	>18.97	1.08	170.42086	20.17485	5308.45	8987.7	2.27	2.03	>18.97	-0.4347	18.59	181.3	02a59183o0437o
59183.57830075	>19.07	0.0	-8.06912047579548	42.96806653361092	o	>19.07	1.17	170.42086	20.17485	5327.69	9025.82	2.12	1.87	>19.07	-0.4467	18.71	179.7	02a59183o0444o
59183.58475695	>19.11	0.0	-25.008162116125945	41.30446447868343	o	>19.11	0.94	170.42086	20.17485	5268.63	8948.7	2.13	1.9	>19.11	-0.4457	18.74	179.2	02a59183o0458o
59183.59581415	>19.18	0.0	-17.44786535395895	38.72820980300714	o	>19.18	1.06	170.42086	20.17485	5246.92	9064.91	2.13	1.88	>19.18	-0.4457	18.77	178.9	02a59183o0482o
59183.65872455	>19.32	0.0	-15.952197476896517	34.018541607357626	o	>19.32	1.35	170.42086	20.17485	5293.06	9009.06	2.12	1.84	>19.32	-0.4427	18.82	180.4	02a59183o0573o
59185.60114215	>19.31	0.0	-17.819931575087832	33.35281310845317	o	>19.31	1.52	170.42086	20.17485	2020.44	12.95	2.15	2.06	>19.31	-0.4127	19.14	163.8	01a59185o0904o
59185.60842515	>20.07	0.0	-9.29988558378256	16.651223711915446	o	>20.07	1.69	170.42086	20.17485	2649.07	10229.4	2.08	1.97	>20.07	-0.4207	19.2	176.1	01a59185o0919o
59185.60888545	None	None	None	None	o	None	None	170.42086	20.17485	None	None	None	None	None	-0.4187	19.19	None	01a59185o0920o
59185.62129395	>19.117795358316275	0.0	40.52074834786232	27.254489980076663	o	>19.117795358316275	1.05	170.42086	20.17485	2055.78	54.29	2.1	1.99	>19.117795358316275	-0.4197	19.21	175.1	01a59185o0946o
59185.62359415	>19.536214967407673	0.0	20.611043303974697	18.471098917223223	o	>19.536214967407673	0.99	170.42086	20.17485	2632.84	10188.7	2.48	2.15	>19.536214967407673	-0.3977	19.11	178.6	01a59185o0951o
59185.63419635	>19.474860428576243	0.0	20.066127178069348	19.56131894717452	o	>19.474860428576243	1.42	170.42086	20.17485	2691.44	10271.6	2.58	2.32	>19.474860428576243	-0.3967	19.06	177.4	01a59185o0973o
59185.63887715	>19.85	0.0	-30.4685452486614	20.410967205413947	o	>19.85	1.04	170.42086	20.17485	2713.19	10148.7	2.31	2.14	>19.85	-0.4127	18.77	181.1	01a59185o0982o
59187.59604655	>19.370060425578384	0.0	57.37521690022405	21.556533104828016	o	>19.370060425578384	0.94	170.42086	20.17485	6098.34	2399.09	2.16	1.92	>19.370060425578384	-0.4437	18.85	184.8	02a59187o0846o
59187.59925105	19.31	0.27	68.86151467222876	19.674718477779653	o	19.31	1.21	170.42086	20.17485	6118.11	2438.09	2.12	1.88	19.31	-0.4477	19.02	179.2	02a59187o0853o
59187.61881585	19.18	0.23	77.51674764818621	17.904402327284664	o	19.18	1.05	170.42086	20.17485	6062.04	2360.35	2.16	1.92	19.18	-0.4447	19.04	181.6	02a59187o0894o
59187.62623305	19.4	0.29	62.83834053947779	19.397044025047805	o	19.4	1.06	170.42086	20.17485	6042.8	2477.05	2.14	1.89	19.4	-0.4487	19.03	183.3	02a59187o0910o
59191.60739635	18.86	0.16	104.18838236438668	16.749902619346376	o	18.86	1.39	170.42086	20.17485	6102.37	2400.27	2.11	1.89	18.86	-0.4517	19.15	185.1	02a59191o0855o
59191.61107895	19.15	0.22	79.23247159324282	17.62850637624749	o	19.15	1.24	170.42086	20.17485	6120.63	2439.57	2.06	1.85	19.15	-0.4557	19.16	182.3	02a59191o0863o
59191.61804295	19.11	0.2	82.64685485425666	16.98631271643977	o	19.11	1.2	170.42086	20.17485	6062.83	2361.69	2.11	1.89	19.11	-0.4517	19.16	182.4	02a59191o0878o
59191.63826275	18.69	0.15	121.2635969886008	18.280944269638308	o	18.69	1.55	170.42086	20.17485	6046.3	2479.55	2.14	1.9	18.69	-0.4577	19.1	182.3	02a59191o0922o
59193.61041365	18.47	0.08	148.87236836609816	12.050689842834846	o	18.47	1.41	170.420858571429	20.1748385714286	7485.88	1966.14	2.14	2.03	18.47	-0.4057	19.66	179.4	01a59193o0902o
59193.61650155	18.61	0.1	131.19720114706774	12.377094447836582	o	18.61	1.2	170.420858571429	20.1748385714286	7467.31	1925.95	2.37	2.14	18.61	-0.3997	19.55	180.4	01a59193o0913o
59193.62034595	18.49	0.09	145.82954265066488	12.006398643714594	o	18.49	1.29	170.420858571429	20.1748385714286	7525.9	2005.82	2.06	1.97	18.49	-0.4207	19.66	179.6	01a59193o0921o
59193.63383465	18.67	0.1	123.46621361218011	11.914921313622976	o	18.67	1.28	170.420858571429	20.1748385714286	7544.25	1887.4	2.03	1.93	18.67	-0.4197	19.66	180.7	01a59193o0949o
59209.57897045	18.91	0.15	98.7212320605058	14.634877054483303	o	18.91	1.0	170.420817037037	20.1747944444444	7582.01	3904.83	2.41	2.26	18.91	-0.3917	19.32	180.2	01a59209o0822o
59209.58127355	18.84	0.13	106.03817328811321	13.15468169162138	o	18.84	1.03	170.420817037037	20.1747944444444	7561.74	3865.08	2.39	2.27	18.84	-0.3967	19.44	182.0	01a59209o0827o
59209.58404005	18.75	0.11	114.98877720521321	12.652814393179268	o	18.75	1.38	170.420817037037	20.1747944444444	7620.17	3942.98	2.25	2.12	18.75	-0.4027	19.52	180.9	01a59209o0833o
59209.59414855	18.86	0.12	103.99330599407453	12.6600546427569	o	18.86	0.98	170.420817037037	20.1747944444444	7639.64	3828.84	2.54	2.41	18.86	-0.3937	19.51	181.0	01a59209o0854o
59219.63501367	19.2	0.22	75.98993920216797	17.076390831947865	o	19.2	1.08	170.420820357143	20.1747992857143	8238.31	6013.22	2.19	1.98	19.2	-0.4487	19.21	182.6	02a59219o0849o
59219.66109523	>19.606204094964145	0.0	31.2596663650672	17.35327486425784	o	>19.606204094964145	1.02	170.420820357143	20.1747992857143	8312.86	5978.68	2.14	1.96	>19.606204094964145	-0.4517	19.16	180.8	02a59219o0901o
59221.55497275	19.34	0.18	66.96826128725151	12.062606070374494	o	19.34	1.35	170.420820357143	20.1747992857143	8399.13	9932.1	2.2	1.94	19.34	-0.4107	19.53	178.7	01a59221o0733o
59221.55681465	19.77	0.25	44.9835144547917	11.83239835999056	o	19.77	1.16	170.420820357143	20.1747992857143	8379.45	9891.91	2.2	1.91	19.77	-0.4057	19.57	179.5	01a59221o0737o
59221.56688495	19.8	0.26	43.67275156849222	11.750931036437523	o	19.8	1.32	170.420820357143	20.1747992857143	8439.33	9971.94	2.14	2.03	19.8	-0.4117	19.65	178.3	01a59221o0755o
59221.57011235	19.98	0.29	36.9644496574248	11.468683664594806	o	19.98	1.61	170.420820357143	20.1747992857143	8457.87	9854.72	2.09	1.98	19.98	-0.4117	19.66	177.8	01a59221o0762o
59249.64219625	>19.42	0.0	-5.4686816511555385	30.155873104943392	o	>19.42	1.34	170.420820357143	20.1747992857143	8091.65	4201.28	2.27	2.0	>19.42	-0.4077	18.45	174.2	01a59249o0149o
59249.64824295	>18.92696261140213	0.0	42.89563892027419	32.54669106887936	o	>18.92696261140213	1.22	170.420820357143	20.1747992857143	8112.04	4240.12	2.16	1.95	>18.92696261140213	-0.4097	18.45	181.6	01a59249o0162o
59249.66120135	>19.55802887352806	0.0	41.189369061359514	18.132276597663697	o	>19.55802887352806	0.94	170.420820357143	20.1747992857143	8053.69	4166.14	2.25	2.01	>19.55802887352806	-0.4077	19.03	179.8	01a59249o0190o
59249.66442975	>19.12304738403255	0.0	41.466415480718624	27.24935874447223	o	>19.12304738403255	0.78	170.420820357143	20.1747992857143	8033.63	4283.85	2.27	2.05	>19.12304738403255	-0.4037	18.53	179.6	01a59249o0197o
59251.55658525	>20.44	0.0	7.426043029482164	12.178710568350752	o	>20.44	1.07	170.420820357143	20.1747992857143	9466.54	1893.58	2.13	1.88	>20.44	-0.4467	19.69	180.7	02a59251o0639o
59251.55978755	>19.999677083668235	0.0	20.80500948602282	12.055239141433782	o	>19.999677083668235	1.35	170.420820357143	20.1747992857143	9447.89	1854.47	2.11	1.86	>19.999677083668235	-0.4497	19.69	180.1	02a59251o0646o
59251.56682095	>20.00245179694708	0.0	18.732346049544454	12.091778931451977	o	>20.00245179694708	1.62	170.420820357143	20.1747992857143	9506.51	1933.32	2.14	1.88	>20.00245179694708	-0.4417	19.66	180.8	02a59251o0661o
59251.57673575	>20.033389657891995	0.0	24.84768388358438	11.716794026405642	o	>20.033389657891995	1.36	170.420820357143	20.1747992857143	9528.27	1816.96	2.15	1.9	>20.033389657891995	-0.4457	19.69	180.9	02a59251o0681o
59267.43586525	>19.605149978319908	0.0	20.93324383167036	17.4443698597253	o	>19.605149978319908	1.11	170.420820357143	20.1747992857143	10266.1	686.52	2.28	2.0	>19.605149978319908	-0.4337	19.36	182.5	02a59267o0458o
59267.43769675	>20.07	0.0	16.386131799742714	16.947300696994176	o	>20.07	0.88	170.420820357143	20.1747992857143	10285.7	726.31	2.28	2.0	>20.07	-0.4327	19.4	179.3	02a59267o0462o
59267.44079575	>20.08	0.0	-6.888646034715984	16.762372017808897	o	>20.08	1.23	170.420820357143	20.1747992857143	10229.4	650.09	2.3	2.03	>20.08	-0.4307	19.36	180.0	02a59267o0468o
59267.47624945	>19.678815576541997	0.0	46.074813181333546	16.24860561467318	o	>19.678815576541997	0.84	170.420820357143	20.1747992857143	389.26	9793.66	2.26	2.01	>19.678815576541997	-0.4307	19.39	179.6	02a59267o0537o
59267.49610775	>20.35	0.0	10.57558160062896	13.063953741953423	o	>20.35	1.08	170.420820357143	20.1747992857143	10328.7	9897.73	2.19	1.92	>20.35	-0.4347	19.48	178.2	02a59267o0576o
59267.50431945	>19.88463837124098	0.0	21.095123513325227	13.464972455313974	o	>19.88463837124098	1.08	170.420820357143	20.1747992857143	10307.5	9857.51	2.29	2.0	>19.88463837124098	-0.4287	19.43	181.2	02a59267o0592o
59267.50899415	>19.85626040292556	0.0	26.140125906325327	13.85741614311222	o	>19.85626040292556	0.91	170.420820357143	20.1747992857143	10367.1	9939.52	2.21	1.93	>19.85626040292556	-0.4337	19.47	179.2	02a59267o0602o
59267.51964765	>20.26	0.0	-17.03217233929982	14.048434119276498	o	>20.26	1.46	170.420820357143	20.1747992857143	10385.6	9823.53	2.38	2.14	>20.26	-0.4247	19.41	178.9	02a59267o0624o
59269.35942275	>19.8	0.0	-11.057261692570032	21.211889777583327	o	>19.8	1.09	170.420820357143	20.1747992857143	289.21	7910.76	2.43	2.18	>19.8	-0.4097	18.97	174.1	01a59269o0319o
59269.36126955	>19.75	0.0	-9.616023228387636	22.437387532904484	o	>19.75	0.96	170.420820357143	20.1747992857143	271.36	7876.3	2.54	2.26	>19.75	-0.4177	18.92	173.5	01a59269o0323o
59269.36942425	19.41	0.31	62.67616650497491	20.486384521043586	o	19.41	1.17	170.420820357143	20.1747992857143	329.48	7954.92	2.32	2.06	19.41	-0.4097	19.01	171.0	01a59269o0340o
59269.37404405	>19.89	0.0	7.067447858692072	19.48596338182243	o	>19.89	1.42	170.420820357143	20.1747992857143	10248.6	7920.34	2.29	2.07	>19.89	-0.4107	19.05	166.2	01a59269o0350o
59269.37635275	>19.88	0.0	4.782025608337557	19.771836649857207	o	>19.88	1.03	170.420820357143	20.1747992857143	352.04	7838.46	2.16	2.01	>19.88	-0.4107	19.08	177.3	01a59269o0355o
59269.38025775	>19.83	0.0	6.213310441369697	20.79069263073706	o	>19.83	1.05	170.420820357143	20.1747992857143	10233.9	7885.14	2.46	2.27	>19.83	-0.4137	18.97	161.6	01a59269o0362o
59269.38395875	>19.496270287047572	0.0	33.31057643286574	19.1846013266648	o	>19.496270287047572	1.15	170.420820357143	20.1747992857143	10292.2	7958.93	2.19	2.05	>19.496270287047572	-0.4107	19.08	170.0	01a59269o0370o
59269.39186025	>19.96	0.0	1.3203661843464969	18.485126580850956	o	>19.96	0.86	170.420820357143	20.1747992857143	10312.9	7845.63	2.05	1.89	>19.96	-0.4167	19.18	177.7	01a59269o0387o
59277.48709115	>20.49	0.0	-27.15486706324104	11.395345999752935	o	>20.49	0.97	170.420820357143	20.1747992857143	5321.05	9005.3	2.01	1.9	>20.49	-0.4267	19.61	181.7	01a59277o0545o
59277.48995925	>20.016997630324052	0.0	21.1022803321844	11.923646203957851	o	>20.016997630324052	1.5	170.420820357143	20.1747992857143	5340.47	9043.49	2.07	1.98	>20.016997630324052	-0.4157	19.58	179.9	01a59277o0551o
59277.49648175	>19.95895186510007	0.0	28.93174403303703	12.608766825208708	o	>19.95895186510007	1.13	170.420820357143	20.1747992857143	5281.83	8964.21	2.23	2.1	>19.95895186510007	-0.4117	19.48	179.3	01a59277o0564o
59277.53950025	>19.897191885636516	0.0	20.297015760711922	13.287221657785636	o	>19.897191885636516	1.29	170.420820357143	20.1747992857143	5274.93	9074.64	2.31	2.17	>19.897191885636516	-0.4037	19.43	180.4	01a59277o0594o
59293.44725905	>20.74	0.0	-0.1474130799418359	9.065904416422907	o	>20.74	1.49	170.420820357143	20.1747992857143	1026.45	6776.21	1.95	1.76	>20.74	-0.4307	19.94	182.2	01a59293o0369o
59293.45147625	>20.66	0.0	2.2610423505501243	9.797850185717204	o	>20.66	1.45	170.420820357143	20.1747992857143	1047.17	6814.05	1.93	1.82	>20.66	-0.4297	19.92	181.9	01a59293o0378o
59293.45694205	>20.69	0.0	-0.8513320548699448	9.442046426739388	o	>20.69	1.23	170.420820357143	20.1747992857143	988.01	6734.75	1.95	1.86	>20.69	-0.4237	19.92	181.0	01a59293o0389o
59293.48859605	>20.66	0.0	6.724698190509185	9.828405047667273	o	>20.66	1.37	170.420820357143	20.1747992857143	974.81	6844.99	1.95	1.75	>20.66	-0.4337	19.89	181.5	01a59293o0453o
59297.35092235	>19.49981971554637	0.0	34.044944868335136	19.18684178146722	o	>19.49981971554637	1.34	170.420820357143	20.1747992857143	1393.52	3725.43	2.23	2.03	>19.49981971554637	-0.4427	19.01	182.4	01a59297o0145o
59297.37505715	>19.99	0.0	-10.872620941058884	18.06527787129784	o	>19.99	1.0	170.420820357143	20.1747992857143	1371.78	3691.44	2.07	1.89	>19.99	-0.4257	19.14	180.5	01a59297o0197o
59297.39276195	>20.07	0.0	-24.357785614052226	16.86308234819	o	>20.07	1.13	170.420820357143	20.1747992857143	1429.4	3775.46	1.99	1.82	>20.07	-0.4327	19.2	179.2	01a59297o0233o
59297.41157785	>20.13	0.0	-10.214505728563902	15.927703847930152	o	>20.13	0.75	170.420820357143	20.1747992857143	9101.57	6897.59	2.1	1.93	>20.13	-0.4237	19.2	182.6	01a59297o0271o
59303.40011385	>19.76	0.0	3.211875674283383	22.590192242459793	o	>19.76	1.23	170.420820357143	20.1747992857143	7481.24	1985.33	2.19	1.95	>19.76	-0.4397	18.88	180.2	02a59303o0200o
59303.40336545	>19.83	0.0	-27.349341358007543	21.271709945116978	o	>19.83	1.16	170.420820357143	20.1747992857143	7461.52	1947.48	2.22	1.95	>19.83	-0.4397	18.88	182.0	02a59303o0207o
59303.41035795	>19.36050916235454	0.0	51.51072657169193	21.805836734452747	o	>19.36050916235454	0.95	170.420820357143	20.1747992857143	7520.95	2026.51	2.23	1.99	>19.36050916235454	-0.4387	18.87	181.6	02a59303o0221o
59303.42033245	>19.8	0.0	15.607595889489241	21.700972366892575	o	>19.8	0.94	170.420820357143	20.1747992857143	7542.46	1910.62	2.2	1.94	>19.8	-0.4387	18.89	181.1	02a59303o0242o
59305.51225185	>20.13	0.0	-13.244258344100317	15.841171744904301	o	>20.13	1.1	170.420820357143	20.1747992857143	7296.37	8880.6	2.12	1.87	>20.13	-0.4247	19.25	182.0	01a59305o0603o
59305.51547675	>20.2	0.0	-6.376292460288538	14.799296080669691	o	>20.2	1.22	170.420820357143	20.1747992857143	7317.24	8918.19	1.99	1.82	>20.2	-0.4187	19.26	181.8	01a59305o0610o
59305.52551685	>20.18	0.0	-0.31503700630137316	15.04301705089057	o	>20.18	0.94	170.420820357143	20.1747992857143	7255.48	8843.62	2.04	1.76	>20.18	-0.4207	19.24	181.9	01a59305o0629o
59305.54953455	>19.86	0.0	-14.015656736376778	19.97976598589881	o	>19.86	0.84	170.420820357143	20.1747992857143	7233.99	8963.12	2.25	1.99	>19.86	-0.4087	19.04	177.9	01a59305o0678o
59307.42816165	>20.2	0.0	4.261040136410459	15.218000487180209	o	>20.2	1.65	170.420820357143	20.1747992857143	2542.52	8286.55	2.12	1.85	>20.2	-0.4467	19.57	182.0	02a59307o0338o
59307.44888895	>18.952289491106658	0.0	39.3360373965551	31.677693832624012	o	>18.952289491106658	1.03	170.420820357143	20.1747992857143	2516.49	8244.4	1.93	1.71	>18.952289491106658	-0.4817	18.25	182.9	02a59307o0381o
59319.34872785	>20.48	0.0	-4.839812659879085	11.723101776151566	o	>20.48	1.6	170.420820357143	20.1747992857143	7579.34	3927.75	2.2	1.95	>20.48	-0.4407	19.61	180.9	02a59319o0271o
59319.35491615	>20.42	0.0	7.219229364851751	12.283464889449249	o	>20.42	1.22	170.420820357143	20.1747992857143	7559.18	3889.29	2.2	1.95	>20.42	-0.4407	19.59	182.3	02a59319o0283o
59319.35778005	>20.5	0.0	-0.21811103967917067	11.450829583156459	o	>20.5	1.26	170.420820357143	20.1747992857143	7617.83	3969.4	2.2	1.97	>20.5	-0.4427	19.56	181.2	02a59319o0289o
59319.36793705	>20.43	0.0	7.362947650110551	12.198316256153301	o	>20.43	1.49	170.420820357143	20.1747992857143	7638.5	3853.78	2.22	1.98	>20.43	-0.4377	19.64	180.6	02a59319o0309o
59321.34262555	>20.53	0.0	-2.9008581323613574	10.976219960286215	o	>20.53	1.16	170.420820357143	20.1747992857143	4031.42	576.94	1.99	1.86	>20.53	-0.4287	19.74	175.7	01a59321o0234o
59321.34705215	>20.5	0.0	-10.625995797314472	11.284972280868857	o	>20.5	1.21	170.420820357143	20.1747992857143	4050.85	615.41	2.08	1.88	>20.5	-0.4227	19.71	176.3	01a59321o0243o
59321.35231825	>20.52	0.0	-2.922773848670388	11.051738615284902	o	>20.52	0.92	170.420820357143	20.1747992857143	3993.51	536.31	2.18	2.0	>20.52	-0.4177	19.67	174.8	01a59321o0254o
59323.30546985	>20.35	0.0	-14.959324963448793	13.199404379513643	o	>20.35	1.0	170.420820357143	20.1747992857143	2201.92	605.12	2.18	1.88	>20.35	-0.4437	19.41	180.7	02a59323o0168o
59323.30729925	>20.37	0.0	-4.887596446061334	13.033590522830224	o	>20.37	0.87	170.420820357143	20.1747992857143	2221.98	645.03	2.16	1.87	>20.37	-0.4467	19.54	179.4	02a59323o0172o
59323.31050045	>20.29	0.0	-1.574444972344117	13.960078754784504	o	>20.29	1.11	170.420820357143	20.1747992857143	2164.44	565.89	2.19	1.91	>20.29	-0.4417	19.51	180.3	02a59323o0179o
59323.31645735	>20.33	0.0	-5.867684826072983	13.442332510639924	o	>20.33	1.16	170.420820357143	20.1747992857143	2146.44	684.71	2.19	1.92	>20.33	-0.4417	19.51	180.4	02a59323o0192o
59331.36970865	>17.993002943587157	0.0	193.51397982065075	76.62842735066731	o	>17.993002943587157	0.93	170.420820357143	20.1747992857143	3329.57	3588.69	2.25	1.94	>17.993002943587157	-0.4487	17.6	135.2	02a59331o0312o
59331.37429475	>19.19	0.0	34.980066586273814	38.63651953954287	o	>19.19	0.96	170.420820357143	20.1747992857143	3387.34	3665.57	2.2	1.93	>19.19	-0.4467	18.2	161.7	02a59331o0322o
59331.38731255	>19.45	0.0	-3.3098284712250985	30.01672027352417	o	>19.45	0.87	170.420820357143	20.1747992857143	3408.19	3548.67	2.25	1.97	>19.45	-0.4387	18.44	185.7	02a59331o0350o
59333.33749235	>20.31	0.0	1.0371795774692325	13.414189201935406	o	>20.31	1.05	170.420820357143	20.1747992857143	4134.22	2515.12	1.88	1.73	>20.31	-0.4187	19.41	181.3	01a59333o0007o
59333.36423835	>20.3	0.0	-14.404401623513222	13.350421016914693	o	>20.3	1.17	170.420820357143	20.1747992857143	4158.19	2548.41	1.91	1.74	>20.3	-0.4097	19.34	178.5	01a59333o0022o
59333.37131185	>20.21	0.0	-11.075425180286237	15.110657610313005	o	>20.21	1.25	170.420820357143	20.1747992857143	4100.83	2467.08	2.07	1.87	>20.21	-0.4507	19.25	182.3	01a59333o0035o
59333.37456795	>19.81143045908844	0.0	20.959301422869462	14.443863152838878	o	>19.81143045908844	1.18	170.420820357143	20.1747992857143	4083.6	2582.35	1.98	1.87	>19.81143045908844	-0.4127	19.29	184.0	01a59333o0042o
59335.31932735	>20.43	0.0	4.7859314732405815	12.139923737000501	o	>20.43	1.16	170.420820357143	20.1747992857143	3352.69	3630.73	2.3	2.03	>20.43	-0.4307	19.61	181.8	02a59335o0197o
59335.32253135	>20.5	0.0	-8.61835181038565	11.40664210198101	o	>20.5	1.46	170.420820357143	20.1747992857143	3335.09	3593.73	2.38	2.13	>20.5	-0.4307	19.57	182.0	02a59335o0204o
59335.33035845	>20.52	0.0	-12.795277304667545	11.210021709399	o	>20.52	1.42	170.420820357143	20.1747992857143	3392.27	3667.25	2.25	2.0	>20.52	-0.4377	19.62	181.5	02a59335o0220o
59335.34045345	>20.37	0.0	-1.4141037438306752	12.868344068859145	o	>20.37	1.2	170.420820357143	20.1747992857143	3413.22	3551.02	2.5	2.25	>20.37	-0.4357	19.52	181.1	02a59335o0241o
59337.35812485	>19.97	0.0	-25.484436617484903	18.603638730763983	o	>19.97	0.9	170.420820357143	20.1747992857143	2219.09	2610.08	1.88	1.72	>19.97	-0.4397	19.18	181.3	01a59337o0288o
59337.36134955	>19.75	0.0	-11.67283384610512	22.523637139667628	o	>19.75	0.76	170.420820357143	20.1747992857143	2239.17	2648.61	1.8	1.69	>19.75	-0.4267	18.88	180.2	01a59337o0295o
59337.37168655	>17.26	0.0	171.1676240092381	226.11031813566018	o	>17.26	1.16	170.420820357143	20.1747992857143	2182.58	2568.99	1.98	1.76	>17.26	-0.4337	16.11	193.1	01a59337o0317o
59337.37721215	>17.79	0.0	-101.94155696904127	137.22901899678632	o	>17.79	1.29	170.420820357143	20.1747992857143	2165.58	2684.11	1.83	1.66	>17.79	-0.4307	16.93	176.9	01a59337o0329o
59345.33983575	>20.06209896277173	0.0	20.00431943316201	11.459428019659034	o	>20.06209896277173	1.77	170.420820357143	20.1747992857143	1128.25	8712.0	1.82	1.69	>20.06209896277173	-0.4297	19.76	180.8	01a59345o0246o
59345.34306785	>20.44	0.0	-7.362105445322137	11.938549370792652	o	>20.44	1.03	170.420820357143	20.1747992857143	1148.16	8751.21	1.82	1.7	>20.44	-0.4227	19.76	181.4	01a59345o0253o
59345.35052305	>20.55	0.0	-9.185046835863345	10.761584725601082	o	>20.55	1.22	170.420820357143	20.1747992857143	1090.32	8672.42	1.85	1.73	>20.55	-0.4187	19.71	181.4	01a59345o0269o
59345.36669695	>20.44	0.0	3.022606687864504	11.730592621950336	o	>20.44	1.02	170.420820357143	20.1747992857143	1071.19	8787.74	1.9	1.78	>20.44	-0.4097	19.64	180.8	01a59345o0303o
59349.29193215	>20.066846913089414	0.0	15.978034174729299	11.367457149185523	o	>20.066846913089414	1.28	170.420820357143	20.1747992857143	1117.69	8720.05	2.03	1.8	>20.066846913089414	-0.4377	19.73	181.1	01a59349o0134o
59349.30675855	>20.45	0.0	-12.327606508072025	11.884167425047853	o	>20.45	1.13	170.420820357143	20.1747992857143	1140.16	8756.04	2.21	1.86	>20.45	-0.4307	19.7	180.9	01a59349o0164o
59349.31050525	>20.42	0.0	-8.913944718141108	12.29186061133142	o	>20.42	1.13	170.420820357143	20.1747992857143	1081.29	8676.99	2.22	1.95	>20.42	-0.4337	19.69	181.8	01a59349o0171o
59349.31650235	>20.53	0.0	-7.732260594920116	11.080249718493777	o	>20.53	1.03	170.420820357143	20.1747992857143	1062.69	8794.42	2.08	1.76	>20.53	-0.4297	19.75	180.9	01a59349o0183o
59351.28235185	>20.23	0.0	-20.311447106645964	14.595051813158777	o	>20.23	1.28	170.420820357143	20.1747992857143	6324.1	6145.77	2.29	2.04	>20.23	-0.4297	19.35	181.8	02a59351o0105o
59351.28613995	>20.08	0.0	-51.17062788685515	16.4411042668957	o	>20.08	1.05	170.420820357143	20.1747992857143	6304.54	6106.97	2.82	2.57	>20.08	-0.4087	19.12	181.1	02a59351o0113o
59351.29167985	>19.73	0.0	21.520204910120164	22.466147983092476	o	>19.73	1.09	170.420820357143	20.1747992857143	6362.76	6187.26	3.01	2.77	>19.73	-0.4017	18.87	181.1	02a59351o0125o
59351.30147315	>20.2	0.0	-18.30421253804568	14.880402998555118	o	>20.2	1.07	170.420820357143	20.1747992857143	6384.33	6073.2	2.39	2.13	>20.2	-0.4227	19.26	180.8	02a59351o0146o
59353.25131045	>20.2	0.0	-0.6952044575937267	15.041696446118815	o	>20.2	1.14	170.420820357143	20.1747992857143	6144.34	4349.01	1.73	1.62	>20.2	-0.4337	19.3	179.0	01a59353o0044o
59353.25546065	>20.2	0.0	7.11785379198942	14.998334775977703	o	>20.2	0.81	170.420820357143	20.1747992857143	6164.8	4386.97	1.72	1.64	>20.2	-0.4337	19.3	180.0	01a59353o0053o
59353.26645965	>20.18	0.0	-4.440270088270232	15.204561211349583	o	>20.18	0.84	170.420820357143	20.1747992857143	6109.23	4308.91	1.78	1.69	>20.18	-0.4257	19.28	178.8	01a59353o0074o
59353.27303505	>20.25	0.0	1.4110433382655774	14.24481846249059	o	>20.25	1.35	170.420820357143	20.1747992857143	6092.33	4424.22	1.79	1.68	>20.25	-0.4277	19.27	177.7	01a59353o0088o
59357.29990815	>19.9	0.0	-1.2417274547058812	19.324383513860276	o	>19.9	1.11	170.420820357143	20.1747992857143	6153.0	4336.11	1.95	1.86	>19.9	-0.4047	18.96	180.5	01a59357o0010o
59357.30313155	>19.526984472465095	0.0	40.16608033862716	18.70442702225495	o	>19.526984472465095	1.26	170.420820357143	20.1747992857143	6173.63	4372.95	1.91	1.81	>19.526984472465095	-0.4107	18.94	173.7	01a59357o0017o
59357.30872665	>19.96	0.0	-12.629303773716748	18.43588022140261	o	>19.96	0.98	170.420820357143	20.1747992857143	6116.42	4294.92	1.91	1.75	>19.96	-0.4177	18.95	181.1	01a59357o0029o
59357.33042505	19.41	0.3	62.64043400087303	20.272212123462822	o	19.41	0.75	170.420820357143	20.1747992857143	6103.8	4413.15	1.88	1.69	19.41	-0.4267	18.91	180.5	01a59357o0075o
59359.27641465	>19.81	0.0	-27.57235830642985	21.75152710840577	o	>19.81	1.29	170.420820357143	20.1747992857143	2464.29	6347.1	2.15	1.86	>19.81	-0.4507	18.81	180.0	02a59359o0089o
59359.27974555	>19.77	0.0	3.7272804011533913	22.766631639477474	o	>19.77	0.93	170.420820357143	20.1747992857143	2446.36	6311.44	2.14	1.84	>19.77	-0.4537	18.88	180.1	02a59359o0096o
59359.28490905	>19.84	0.0	-11.302491637984678	21.39400202904243	o	>19.84	1.47	170.420820357143	20.1747992857143	2504.1	6385.82	2.13	1.84	>19.84	-0.4587	18.84	178.4	02a59359o0107o
59359.30648855	>19.75	0.0	11.602836566469703	23.205673132939406	o	>19.75	0.91	170.420820357143	20.1747992857143	2523.41	6271.85	2.12	1.85	>19.75	-0.4527	18.85	179.3	02a59359o0153o
59361.35012935	>19.87	0.0	-26.623623728827106	20.055992411105827	o	>19.87	1.41	170.420820357143	20.1747992857143	10197.1	650.65	1.84	1.74	>19.87	-0.4187	18.97	181.7	01a59361o0009o
59361.35659365	>19.84	0.0	20.738494363269595	20.81502017272815	o	>19.84	1.09	170.420820357143	20.1747992857143	10213.5	689.52	1.99	1.71	>19.84	-0.4327	18.93	182.3	01a59361o0023o
59361.36028795	>19.78	0.0	8.346654674131722	22.032160536221575	o	>19.78	0.76	170.420820357143	20.1747992857143	10157.4	611.69	1.95	1.71	>19.78	-0.4337	18.92	181.3	01a59361o0031o
59361.37228565	>19.73	0.0	-23.761201116570536	23.096552134288846	o	>19.73	1.06	170.420820357143	20.1747992857143	10139.2	733.2	2.07	1.77	>19.73	-0.4297	18.8	177.4	01a59361o0057o
59361.37966155	>19.64	0.0	19.074078093448037	25.29205949836062	o	>19.64	0.93	170.420820357143	20.1747992857143	205.86	700.8	2.09	1.76	>19.64	-0.4417	18.86	180.7	01a59361o0073o
59361.38244085	>19.67	0.0	-9.455445412745384	24.61983899922383	o	>19.67	1.22	170.420820357143	20.1747992857143	227.12	739.61	2.19	1.77	>19.67	-0.4457	18.84	183.9	01a59361o0079o
59361.38796685	>19.56	0.0	4.575502208154019	27.09415033063752	o	>19.56	1.35	170.420820357143	20.1747992857143	167.73	659.75	2.15	1.82	>19.56	-0.4387	18.77	180.2	01a59361o0091o
59361.40090035	>19.31	0.0	-44.06462318460356	33.74422459663062	o	>19.31	1.18	170.420820357143	20.1747992857143	150.84	778.1	2.48	2.03	>19.31	-0.4277	18.55	186.2	01a59361o0119o
59363.31200065	>20.4	0.0	-27.9940875063618	12.581612362409798	o	>20.4	1.58	170.420820357143	20.1747992857143	1329.61	1794.52	2.15	1.88	>20.4	-0.4437	19.54	181.3	02a59363o0162o
59363.31612335	>20.31	0.0	8.59084384603048	13.681714273307803	o	>20.31	1.47	170.420820357143	20.1747992857143	1310.27	1754.32	2.15	1.9	>20.31	-0.4427	19.53	180.7	02a59363o0171o
59363.32346615	>20.33	0.0	8.39356482800404	13.343615880416683	o	>20.33	1.34	170.420820357143	20.1747992857143	1370.01	1831.12	2.17	1.91	>20.33	-0.4397	19.48	180.6	02a59363o0187o
59363.33402235	>20.26	0.0	-12.86642211598708	14.283909298256841	o	>20.26	1.81	170.420820357143	20.1747992857143	1391.5	1714.34	2.17	1.93	>20.26	-0.4397	19.32	181.1	02a59363o0210o
59367.26343805	>20.37	0.0	-8.750219124093142	13.125328686139712	o	>20.37	0.79	170.420820357143	20.1747992857143	1335.77	1799.18	2.09	1.82	>20.37	-0.4537	19.56	180.4	02a59367o0057o
59367.26663895	>20.38	0.0	10.557956701378284	13.001928160030664	o	>20.38	0.97	170.420820357143	20.1747992857143	1316.83	1761.36	2.09	1.83	>20.38	-0.4547	19.52	181.2	02a59367o0064o
59367.27405295	>20.36	0.0	2.9258313622163397	13.115795761659454	o	>20.36	1.8	170.420820357143	20.1747992857143	1374.73	1836.04	2.13	1.86	>20.36	-0.4467	19.5	180.4	02a59367o0080o
59367.28596465	>20.4	0.0	-1.2896332051445771	12.69792694296199	o	>20.4	1.07	170.420820357143	20.1747992857143	1395.86	1721.38	2.09	1.84	>20.4	-0.4557	19.55	182.3	02a59367o0106o
59371.29570035	>19.60919441296256	0.0	37.21569149224457	17.295259116727767	o	>19.60919441296256	1.43	170.420820357143	20.1747992857143	301.11	7925.76	2.6	2.38	>19.60919441296256	-0.4167	19.27	178.6	02a59371o0122o
59371.29707145	>20.21	0.0	4.938472679249939	14.674318818342675	o	>20.21	1.14	170.420820357143	20.1747992857143	10264.1	7952.69	2.5	2.27	>20.21	-0.4167	19.38	180.3	02a59371o0125o
59371.29938405	>19.9	0.0	-25.631438500633315	19.406660579050932	o	>19.9	0.95	170.420820357143	20.1747992857143	282.38	7886.92	2.83	2.59	>19.9	-0.4147	19.19	178.3	02a59371o0130o
59371.30075735	>20.28	0.0	-32.200066665755536	13.745483003563628	o	>20.28	1.06	170.420820357143	20.1747992857143	10244.7	7913.38	2.39	2.13	>20.28	-0.4197	19.4	178.7	02a59371o0133o
59371.30855575	>17.82	0.0	-49.516930435847556	132.6942461679735	o	>17.82	0.06	170.420820357143	20.1747992857143	10302.0	7992.27	2.47	2.24	>17.82	-0.4157	19.38	128.4	02a59371o0150o
59371.30902375	>19.650649845890744	0.0	23.5550208580448	16.699455085927287	o	>19.650649845890744	1.21	170.420820357143	20.1747992857143	337.8	7960.99	2.77	2.55	>19.650649845890744	-0.4077	19.21	178.8	02a59371o0151o
59371.31868075	>20.22	0.0	2.5711702183862997	14.569964570855698	o	>20.22	1.17	170.420820357143	20.1747992857143	10321.0	7875.74	2.51	2.27	>20.22	-0.4177	19.38	179.7	02a59371o0172o
59371.31913745	>20.14	0.0	9.207667753064241	15.5822069667241	o	>20.14	1.16	170.420820357143	20.1747992857143	357.5	7843.0	2.48	2.27	>20.14	-0.4147	19.3	179.3	02a59371o0173o
59381.25462025	>18.844284438069685	0.0	36.26645782282971	35.04855438848094	o	>18.844284438069685	1.48	170.420820357143	20.1747992857143	5271.98	7047.87	2.16	1.88	>18.844284438069685	-0.4077	18.24	181.8	01a59381o0034o
59381.25877085	>20.18	0.0	-2.2556430596450103	14.977469916042871	o	>20.18	1.22	170.420820357143	20.1747992857143	5291.76	7083.46	2.14	1.88	>20.18	-0.4117	19.18	180.8	01a59381o0043o
59381.26399385	>20.21	0.0	-23.264104487968797	14.609857618444403	o	>20.21	1.06	170.420820357143	20.1747992857143	5234.12	7007.4	2.22	1.95	>20.21	-0.4117	19.3	179.4	01a59381o0054o
59381.27712125	>20.23	0.0	1.7176631048282802	14.374128087773505	o	>20.23	1.34	170.420820357143	20.1747992857143	5215.29	7122.22	2.21	1.91	>20.23	-0.4137	19.33	177.7	01a59381o0082o
59383.25279995	>19.58	0.0	24.731143116035444	27.04639906732387	o	>19.58	0.65	170.420820357143	20.1747992857143	5266.58	1590.76	2.17	1.88	>19.58	-0.4517	18.75	180.1	02a59383o0023o
59383.25601785	>19.84	0.0	-2.737709560041307	21.293296578099056	o	>19.84	1.07	170.420820357143	20.1747992857143	5250.51	1552.17	2.14	1.83	>19.84	-0.4537	18.88	179.9	02a59383o0030o
59383.27263335	>19.85	0.0	-14.244888088399026	21.057660652415954	o	>19.85	0.77	170.420820357143	20.1747992857143	5312.0	1628.21	2.13	1.87	>19.85	-0.4487	18.94	181.4	02a59383o0066o
59383.28005955	>19.85	0.0	7.688951908235483	21.169581877219766	o	>19.85	1.23	170.420820357143	20.1747992857143	5332.23	1509.33	2.09	1.82	>19.85	-0.4567	19.03	176.5	02a59383o0082o
59387.27307975	>18.02	0.0	14.43022734844392	114.56192687606087	o	>18.02	1.07	170.420820357143	20.1747992857143	4472.94	8179.36	2.49	1.92	>18.02	-0.4637	17.97	182.9	02a59387o0069o
59387.27675865	>16.4	0.0	-183.42888958585206	512.1581917088116	o	>16.4	0.75	170.420820357143	20.1747992857143	4452.4	8140.14	2.57	1.95	>16.4	-0.4697	16.78	182.5	02a59387o0077o
59387.28227155	>17.55	0.0	-338.334773430747	177.59565509265192	o	>17.55	0.94	170.420820357143	20.1747992857143	4508.83	8215.98	2.47	1.91	>17.55	-0.4667	17.63	179.5	02a59387o0089o
59387.29239455	>16.69	0.0	18.029652215985138	391.45736421486373	o	>16.69	1.21	170.420820357143	20.1747992857143	4527.86	8095.24	2.53	1.96	>16.69	-0.4642	16.99	184.8	02a59387o0111o
59393.27225455	>20.5	0.0	-4.306719284343387	11.336805174962738	o	>20.5	0.95	170.420820357143	20.1747992857143	3099.93	8599.96	1.79	1.61	>20.5	-0.4277	19.75	180.7	01a59393o0071o
59393.27548215	>20.64	0.0	-12.51452568620024	9.949047920529189	o	>20.64	1.73	170.420820357143	20.1747992857143	3119.5	8639.02	1.75	1.63	>20.64	-0.4237	19.7	182.4	01a59393o0078o
59393.28101695	>20.42	0.0	-1.5227053209241102	12.181642567392881	o	>20.42	1.32	170.420820357143	20.1747992857143	3060.41	8561.87	1.78	1.61	>20.42	-0.4297	19.72	179.1	01a59393o0090o
59393.29253415	>19.978401715880132	0.0	17.43483502081242	12.386137620963265	o	>19.978401715880132	0.76	170.420820357143	20.1747992857143	3038.08	8678.76	1.85	1.63	>19.978401715880132	-0.4297	19.66	179.6	01a59393o0115o
59397.26362975	>20.44	0.0	2.249394459451069	11.97471756354834	o	>20.44	0.75	170.420820357143	20.1747992857143	3100.25	8600.72	1.86	1.62	>20.44	-0.4267	19.67	180.8	01a59397o0050o
59397.26685375	>20.5	0.0	-15.902394783716796	11.349426982569662	o	>20.5	1.32	170.420820357143	20.1747992857143	3119.59	8639.52	1.85	1.62	>20.5	-0.4287	19.67	180.8	01a59397o0057o
59397.27377325	>20.45	0.0	4.382098717158838	11.7519920141987	o	>20.45	1.33	170.420820357143	20.1747992857143	3060.74	8562.57	1.82	1.66	>20.45	-0.4227	19.64	182.7	01a59397o0072o
59397.28391265	>20.36	0.0	1.6432524223285743	12.86023634865841	o	>20.36	1.14	170.420820357143	20.1747992857143	3039.44	8680.15	1.92	1.67	>20.36	-0.4277	19.64	180.5	01a59397o0094o
59401.25163435	>19.67	0.0	0.6600149780219117	23.958543702195396	o	>19.67	1.06	170.420820357143	20.1747992857143	7987.89	2269.52	1.81	1.67	>19.67	-0.4157	18.74	158.3	01a59401o0027o
59401.25485845	>20.03	0.0	-13.77181706245326	17.181344587623727	o	>20.03	0.96	170.420820357143	20.1747992857143	8008.41	2308.06	1.81	1.69	>20.03	-0.4137	19.12	167.5	01a59401o0034o
59401.26176885	>20.36	0.0	12.421937164525371	12.820501993333675	o	>20.36	1.09	170.420820357143	20.1747992857143	7949.58	2232.09	1.8	1.67	>20.36	-0.4177	19.53	178.2	01a59401o0049o
59401.27374995	>20.53	0.0	-0.702594935897537	10.890221506411823	o	>20.53	1.28	170.420820357143	20.1747992857143	7931.19	2350.13	1.84	1.72	>20.53	-0.4127	19.59	180.0	01a59401o0075o
59419.25025915	>18.033300945443052	0.0	116.5591836882269	73.80824252965392	o	>18.033300945443052	1.15	170.420820357143	20.1747992857143	8257.1	6071.02	2.31	2.03	>18.033300945443052	-0.4457	17.52	203.3	02a59419o0022o
59419.25346035	>18.83	0.0	-40.07893635539615	53.55786435587164	o	>18.83	1.75	170.420820357143	20.1747992857143	8238.53	6031.21	2.22	1.98	>18.83	-0.4497	18.02	187.0	02a59419o0029o
59419.25895105	>19.13	0.0	31.678842589407097	40.78195827601834	o	>19.13	1.27	170.420820357143	20.1747992857143	8296.75	6109.53	2.23	1.98	>19.13	-0.4527	18.22	186.0	02a59419o0041o
59419.26947945	>18.595053112504726	0.0	62.90896449548783	44.01189182726957	o	>18.595053112504726	1.36	170.420820357143	20.1747992857143	8314.53	5994.61	2.24	1.96	>18.595053112504726	-0.4437	18.16	186.4	02a59419o0064o
59509.61488535	>19.23	0.0	-9.932032569556323	37.300300094555965	o	>19.23	1.16	170.420820357143	20.1747992857143	3239.1	1748.72	2.95	2.85	>19.23	-0.4547	18.33	176.5	01a59509o0916o
59509.62464205	>19.37	0.0	16.421408246864406	32.84281649372881	o	>19.37	1.13	170.420820357143	20.1747992857143	3219.36	1706.4	2.87	2.77	>19.37	-0.4557	18.4	180.2	01a59509o0937o
59509.63711655	>19.34	0.0	-74.48025488554394	33.778369117105846	o	>19.34	1.12	170.420820357143	20.1747992857143	3283.74	1786.59	2.93	2.83	>19.34	-0.4537	18.39	177.1	01a59509o0964o
59509.64139145	>19.1	0.0	39.73424478545808	43.399053770524596	o	>19.1	0.93	170.420820357143	20.1747992857143	3298.95	1663.16	2.79	2.68	>19.1	-0.4827	18.2	181.1	01a59509o0973o
59511.61843625	>18.16	0.0	-23.13313131732292	98.71929294718038	o	>18.16	1.01	170.420820357143	20.1747992857143	8009.81	2287.51	2.27	2.02	>18.16	-0.4397	17.2	198.0	02a59511o0914o
59511.62393175	>18.22	0.0	-70.65753117938405	91.88271841113577	o	>18.22	1.36	170.420820357143	20.1747992857143	8027.57	2326.12	2.34	2.08	>18.22	-0.4217	17.19	181.7	02a59511o0926o
59511.64159825	>17.5	0.0	-61.94596443243836	174.10570306389874	o	>17.5	1.16	170.420820357143	20.1747992857143	7973.06	2249.2	2.85	2.29	>17.5	-0.3987	16.41	173.1	02a59511o0964o
59511.64848245	>16.48	0.0	267.36972699075756	446.7087908041729	o	>16.48	1.3	170.420820357143	20.1747992857143	7952.47	2365.18	2.87	2.29	>16.48	-0.3987	15.39	272.1	02a59511o0979o
59525.61763125	>19.87	0.0	-22.25549497822706	21.06323631867918	o	>19.87	0.97	170.420820357143	20.1747992857143	6531.18	10040.8	2.89	2.73	>19.87	-0.4677	18.96	179.7	01a59525o0914o
59525.62178425	>19.82	0.0	-29.346956877701853	21.746306175563245	o	>19.82	0.99	170.420820357143	20.1747992857143	6514.52	10000.9	2.99	2.84	>19.82	-0.4557	18.93	179.6	01a59525o0923o
59525.63200695	>19.9	0.0	-11.66065033070292	20.45728128193495	o	>19.9	1.21	170.420820357143	20.1747992857143	6578.49	10077.3	2.92	2.81	>19.9	-0.4677	18.97	180.2	01a59525o0945o
59525.63853765	>19.436678399987734	0.0	26.355465015600743	20.374082884400572	o	>19.436678399987734	1.05	170.420820357143	20.1747992857143	6597.64	9956.48	2.8	2.68	>19.436678399987734	-0.4737	19.01	179.6	01a59525o0959o
59535.58171455	>16.78	0.0	-178.82529899054833	352.65237533850365	o	>16.78	1.5	170.420820357143	20.1747992857143	7212.12	6949.24	2.18	1.88	>16.78	-0.4397	16.13	179.6	02a59535o0863o
59535.58540815	>17.033286079453568	0.0	224.2844929096382	185.50839197437654	o	>17.033286079453568	1.22	170.420820357143	20.1747992857143	7231.56	6987.9	2.18	1.97	>17.033286079453568	-0.4567	16.66	173.3	02a59535o0871o
59535.59092905	>16.59	0.0	-56.71747706588975	423.6727202512246	o	>16.59	1.55	170.420820357143	20.1747992857143	7172.82	6910.16	2.15	1.87	>16.59	-0.4517	15.98	182.1	02a59535o0883o
59535.60193115	>18.18	0.0	-164.36642051887685	97.02822216849901	o	>18.18	0.93	170.420820357143	20.1747992857143	7151.58	7026.78	2.15	1.87	>18.18	-0.4357	17.21	176.6	02a59535o0907o
59539.62677205	>18.238748583970047	0.0	162.46665703568974	61.11440052223354	o	>18.238748583970047	0.97	170.420820357143	20.1747992857143	6012.08	451.94	2.24	2.04	>18.238748583970047	-0.3937	17.89	195.3	02a59539o0962o
59539.63089555	>18.295736584595442	0.0	100.93090825167017	58.157843280694365	o	>18.295736584595442	0.96	170.420820357143	20.1747992857143	6031.65	491.84	2.18	1.95	>18.295736584595442	-0.4567	17.8	185.4	02a59539o0971o
59539.63828945	>19.18	0.0	0.3348206529102764	39.06240950619891	o	>19.18	1.04	170.420820357143	20.1747992857143	5975.57	411.65	2.1	1.86	>19.18	-0.4527	18.65	170.7	02a59539o0986o
59539.64904495	>19.55	0.0	-13.782842177639361	27.77610942669306	o	>19.55	0.64	170.420820357143	20.1747992857143	5958.41	532.56	2.04	1.81	>19.55	-0.4537	18.71	195.6	02a59539o1009o
59541.58209335	>19.48	0.0	-19.274658346040987	30.502614664123115	o	>19.48	0.95	170.420820357143	20.1747992857143	8351.84	7983.2	2.76	2.66	>19.48	-0.4837	18.75	184.7	01a59541o0847o
59541.58623675	>19.53	0.0	-44.43225313762121	28.784372684806787	o	>19.53	1.42	170.420820357143	20.1747992857143	8333.93	7942.96	2.82	2.73	>19.53	-0.4707	18.75	182.8	01a59541o0856o
59541.59971215	>19.47	0.0	3.3452895519902155	29.661567360979912	o	>19.47	1.05	170.420820357143	20.1747992857143	8398.44	8016.35	3.1	2.95	>19.47	-0.4467	18.66	181.9	01a59541o0881o
59541.60708635	>19.15002557784324	0.0	39.669868220334	26.383309486250848	o	>19.15002557784324	0.93	170.420820357143	20.1747992857143	8418.01	7898.75	2.83	2.71	>19.15002557784324	-0.4687	18.84	181.2	01a59541o0897o
59543.55882915	19.28	0.31	70.42740686100424	23.36761886632399	o	19.28	1.13	170.420820357143	20.1747992857143	6004.71	452.06	2.19	1.88	19.28	-0.4457	18.9	182.8	02a59543o0803o
59543.56294635	>19.61	0.0	16.332084249885654	26.06643910081089	o	>19.61	0.8	170.420820357143	20.1747992857143	6023.39	491.01	2.19	1.89	>19.61	-0.4437	18.87	177.2	02a59543o0812o
59543.56890645	>19.76	0.0	12.353995760207502	22.718788813262947	o	>19.76	0.92	170.420820357143	20.1747992857143	5965.97	412.58	2.16	1.86	>19.76	-0.4457	18.92	182.8	02a59543o0825o
59543.59432655	>19.79	0.0	3.925241559135993	22.06622281892666	o	>19.79	1.12	170.420820357143	20.1747992857143	5947.5	530.45	2.19	1.89	>19.79	-0.4447	18.98	191.3	02a59543o0873o
59557.58359385	>19.41	0.0	-52.248858076964595	30.399335608415765	o	>19.41	1.19	170.420820357143	20.1747992857143	4411.46	6260.24	3.47	3.29	>19.41	-0.4107	18.46	179.9	01a59557o0786o
59557.58681605	>19.54	0.0	-13.825936490172843	27.651872980345686	o	>19.54	0.96	170.420820357143	20.1747992857143	4394.0	6221.44	3.19	3.03	>19.54	-0.4367	18.63	181.2	01a59557o0793o
59557.59960255	>20.06	0.0	16.222931247660544	17.076769734379518	o	>20.06	1.38	170.420820357143	20.1747992857143	4457.12	6293.06	3.24	3.08	>20.06	-0.4297	19.04	181.7	01a59557o0820o
59557.60476005	>19.7	0.0	17.247765086485924	23.71567699391814	o	>19.7	1.45	170.420820357143	20.1747992857143	4479.04	6178.86	3.17	3.04	>19.7	-0.4327	18.7	181.1	01a59557o0831o
59561.60305475	>20.21	0.0	10.724438974090566	15.350667551149243	o	>20.21	1.31	170.420820357143	20.1747992857143	427.23	9971.05	2.87	2.7	>20.21	-0.4637	19.24	182.3	01a59561o0870o
59561.60494355	>20.11	0.0	-12.369210218839866	17.106354557970025	o	>20.11	1.69	170.420820357143	20.1747992857143	408.79	9932.76	2.85	2.61	>20.11	-0.4867	19.08	182.2	01a59561o0874o
59561.60871335	>20.2	0.0	-5.769264042228407	15.63284450152213	o	>20.2	1.3	170.420820357143	20.1747992857143	10419.2	9817.68	2.84	2.66	>20.2	-0.4737	19.33	181.0	01a59561o0882o
59561.61009375	>20.15	0.0	-14.493810918019303	16.060709395643013	o	>20.15	1.16	170.420820357143	20.1747992857143	470.83	10009.1	2.94	2.78	>20.15	-0.4567	19.31	182.3	01a59561o0885o
59561.61239875	>20.15	0.0	8.934083172085899	16.120193549633257	o	>20.15	1.1	170.420820357143	20.1747992857143	10400.7	9777.65	2.92	2.74	>20.15	-0.4647	19.3	180.7	01a59561o0890o
59561.62217675	>20.14	0.0	10.225782286041781	16.134012051310368	o	>20.14	1.15	170.420820357143	20.1747992857143	10466.1	9854.23	3.02	2.84	>20.14	-0.4527	19.21	179.2	01a59561o0908o
59561.62402065	>20.15	0.0	-3.0145848522509815	16.077785878671904	o	>20.15	1.0	170.420820357143	20.1747992857143	495.76	9889.7	2.99	2.81	>20.15	-0.4557	19.33	180.5	01a59561o0912o
59561.62816945	>20.1	0.0	-7.514132499547583	16.807927959514334	o	>20.1	0.98	170.420820357143	20.1747992857143	10485.1	9735.09	2.96	2.78	>20.1	-0.4577	19.35	175.5	01a59561o0921o
59565.51232075	>19.68	0.0	16.87015069865936	25.993803627526155	o	>19.68	1.32	170.420820357143	20.1747992857143	390.49	9980.99	2.68	2.49	>19.68	-0.5117	18.79	184.1	01a59565o0646o
59565.51555975	>19.62	0.0	17.535652602039022	27.18026153316048	o	>19.62	1.13	170.420820357143	20.1747992857143	371.57	9938.99	2.73	2.52	>19.62	-0.5007	18.82	184.3	01a59565o0653o
59565.51924325	>19.64	0.0	-30.142154614452238	26.831744570090432	o	>19.64	0.95	170.420820357143	20.1747992857143	431.96	10016.0	2.72	2.52	>19.64	-0.4997	18.81	184.5	01a59565o0661o
59565.52016525	>19.71	0.0	-36.994744660842635	25.36782491029209	o	>19.71	1.15	170.420820357143	20.1747992857143	10381.0	9847.79	2.73	2.49	>19.71	-0.5097	18.75	187.0	01a59565o0663o
59565.52790985	>19.7	0.0	14.381287870492516	25.167253773361903	o	>19.7	1.23	170.420820357143	20.1747992857143	10366.5	9803.61	2.76	2.56	>19.7	-0.4957	18.77	184.6	01a59565o0679o
59565.52975225	>19.163032994261318	0.0	27.056398963798667	26.17794445198702	o	>19.163032994261318	1.06	170.420820357143	20.1747992857143	459.45	9899.56	2.74	2.56	>19.163032994261318	-0.4907	18.82	181.7	01a59565o0683o
59565.53253255	>19.76	0.0	-59.69767105169735	23.728411837583174	o	>19.76	1.37	170.420820357143	20.1747992857143	10429.3	9881.63	2.86	2.6	>19.76	-0.4927	18.74	187.3	01a59565o0689o
59565.54269615	>19.77	0.0	-5.773754490224785	23.45587761653819	o	>19.77	1.09	170.420820357143	20.1747992857143	10451.8	9764.25	2.76	2.61	>19.77	-0.4897	18.83	183.3	01a59565o0711o
59571.59799395	>19.4	0.0	12.994629644383451	32.199082304666966	o	>19.4	1.14	170.420820357143	20.1747992857143	317.28	2637.17	2.14	1.86	>19.4	-0.4577	18.52	166.5	02a59571o0320o
59571.59994715	>19.37	0.0	-61.91517362712041	33.16884301452879	o	>19.37	1.0	170.420820357143	20.1747992857143	337.78	2674.37	2.14	1.86	>19.37	-0.4647	18.49	166.6	02a59571o0324o
59571.60271305	>19.39	0.0	12.294355304577792	32.379193178392995	o	>19.39	1.17	170.420820357143	20.1747992857143	279.0	2595.46	2.21	1.91	>19.39	-0.4597	18.47	181.3	02a59571o0330o
59571.60775585	>19.44	0.0	-8.602073388694409	30.873194901889526	o	>19.44	0.98	170.420820357143	20.1747992857143	260.26	2712.76	2.17	1.89	>19.44	-0.4547	18.59	178.1	02a59571o0341o
59581.06991895	>18.689257520318876	0.0	84.28444948891774	40.63714528929963	o	>18.689257520318876	1.46	170.420820357143	20.1747992857143	2383.25	8680.07	2.76	2.07	>18.689257520318876	-0.4317	18.1	183.7	03a59581o0506o
59581.07371755	>19.8	0.0	-40.07584869477843	21.636041013131912	o	>19.8	1.07	170.420820357143	20.1747992857143	2366.9	8661.82	2.86	2.07	>19.8	-0.4307	18.91	181.1	03a59581o0514o
59581.08035195	>19.93	0.0	-43.77757655821248	19.245214815446065	o	>19.93	1.01	170.420820357143	20.1747992857143	2427.41	8770.67	2.69	2.07	>19.93	-0.4327	19.03	181.5	03a59581o0528o
59581.09117725	>18.2	0.0	-192.90396564560547	93.64270176971138	o	>18.2	0.85	170.420820357143	20.1747992857143	2465.86	8703.41	2.72	2.09	>18.2	-0.4247	17.28	178.6	03a59581o0551o
59589.50347405	>20.19	0.0	-19.00201113804946	15.452184881490773	o	>20.19	1.17	170.420820357143	20.1747992857143	2720.01	10283.3	3.02	2.88	>20.19	-0.4507	19.42	181.7	01a59589o0628o
59589.50581175	>20.12	0.0	-19.59983574843511	16.20253088537302	o	>20.12	1.41	170.420820357143	20.1747992857143	2702.47	10243.8	3.37	3.23	>20.12	-0.4367	19.27	181.7	01a59589o0633o
59589.50972545	>20.14	0.0	-13.520689378305502	15.978996537997414	o	>20.14	1.29	170.420820357143	20.1747992857143	1935.39	74.65	3.27	3.14	>20.14	-0.4407	19.31	179.0	01a59589o0641o
59589.51111255	>20.17	0.0	4.678181796910611	15.437999929805013	o	>20.17	1.15	170.420820357143	20.1747992857143	2763.95	10318.5	3.2	3.07	>20.17	-0.4377	19.36	180.9	01a59589o0644o
59589.51203415	>16.5	0.0	-12.086510779220395	455.66145637660895	o	>16.5	0.0	170.420820357143	20.1747992857143	1917.05	36.24	3.26	3.12	>16.5	-0.4367	19.35	171.8	01a59589o0646o
59589.51479615	>20.22	0.0	-23.731314545533976	14.832071590958735	o	>20.22	1.19	170.420820357143	20.1747992857143	1978.87	114.58	3.16	3.03	>20.22	-0.4407	19.38	180.4	01a59589o0652o
59589.52384215	>19.783640381209267	0.0	23.326737388210788	14.766466787032517	o	>19.783640381209267	0.98	170.420820357143	20.1747992857143	2791.97	10200.8	3.06	2.94	>19.783640381209267	-0.4447	19.43	181.7	01a59589o0668o
59590.04700865	>19.692321266259906	0.0	18.15453762737432	16.030070458213498	o	>19.692321266259906	1.33	170.420820357143	20.1747992857143	4243.15	6686.83	2.81	2.21	>19.692321266259906	-0.4297	19.26	181.9	03a59590o0217o
59590.04980575	>20.17	0.0	-48.4109970117248	15.386440910703229	o	>20.17	1.37	170.420820357143	20.1747992857143	4231.39	6660.5	2.76	2.18	>20.17	-0.4327	19.32	180.4	03a59590o0223o
59590.05541105	>19.70306787711222	0.0	20.897498827820783	15.912774336780966	o	>19.70306787711222	0.96	170.420820357143	20.1747992857143	4293.62	6765.1	2.79	2.23	>19.70306787711222	-0.4207	19.29	181.9	03a59590o0235o
59590.06520015	>20.17	0.0	-56.08196391951538	15.084114433524832	o	>20.17	1.35	170.420820357143	20.1747992857143	4329.62	6695.26	2.8	2.26	>20.17	-0.4137	19.3	180.9	03a59590o0256o
59591.49482725	>20.11	0.0	2.5795746080484405	16.460142737071003	o	>20.11	1.35	170.420820357143	20.1747992857143	6103.35	2397.51	2.23	1.98	>20.11	-0.4447	19.18	180.7	02a59591o0621o
59591.49711345	>20.21	0.0	-15.16881028387729	15.04648116868473	o	>20.21	1.18	170.420820357143	20.1747992857143	6122.61	2437.27	2.23	1.97	>20.21	-0.4467	19.22	182.6	02a59591o0626o
59591.50451715	>20.12	0.0	7.1477884652906525	16.355109200241323	o	>20.12	1.09	170.420820357143	20.1747992857143	6063.14	2359.69	2.23	1.96	>20.12	-0.4457	19.24	182.2	02a59591o0642o
59591.51235535	>20.22	0.0	5.61931642833929	14.944990500902364	o	>20.22	1.42	170.420820357143	20.1747992857143	6044.34	2476.55	2.21	1.95	>20.22	-0.4477	19.28	183.1	02a59591o0659o
59591.53104645	>20.42	0.0	-13.055043266605642	12.342949997518064	o	>20.42	1.25	170.420820357143	20.1747992857143	6084.76	2418.62	2.21	1.95	>20.42	-0.4427	19.41	182.2	02a59591o0699o
59593.47333145	>19.73	0.0	17.19345627607167	23.349138152689928	o	>19.73	0.9	170.420820357143	20.1747992857143	7426.23	1953.46	3.06	2.9	>19.73	-0.4447	18.83	180.8	01a59593o0596o
59593.47656435	>19.69	0.0	-32.064604193453455	24.387163752767425	o	>19.69	1.13	170.420820357143	20.1747992857143	7407.32	1915.24	3.16	2.96	>19.69	-0.4527	18.8	181.2	01a59593o0603o
59593.48350025	>19.79	0.0	14.495924597498833	22.402792559770923	o	>19.79	0.98	170.420820357143	20.1747992857143	7469.22	1990.46	3.11	2.92	>19.79	-0.4567	18.87	181.4	01a59593o0618o
59593.50787655	>19.73	0.0	-16.437816713965532	23.06596861475808	o	>19.73	1.03	170.420820357143	20.1747992857143	7496.1	1872.24	3.46	3.26	>19.73	-0.4287	18.83	179.3	01a59593o0668o
59596.21727727	>18.41	0.0	-59.60804478168403	71.7556558035438	o	>18.41	1.03	170.420820357143	20.1747992857143	771.18	1788.5	3.12	2.76	>18.41	-0.3467	17.48	194.0	04a59596o0282o
59596.22051962	>18.59	0.0	-5.7178959307748825	60.27615293691854	o	>18.59	0.97	170.420820357143	20.1747992857143	763.8	1749.08	3.01	2.59	>18.59	-0.3327	17.64	198.4	04a59596o0289o
59596.22610999	>18.64	0.0	15.13263200703429	57.456712151708324	o	>18.64	1.27	170.420820357143	20.1747992857143	849.59	1826.08	3.03	2.57	>18.64	-0.3337	17.69	213.5	04a59596o0301o
59596.23581334	>18.66	0.0	-71.17056820165799	55.93673420531646	o	>18.66	1.03	170.420820357143	20.1747992857143	918.31	1709.57	3.2	2.53	>18.66	-0.3197	17.73	191.8	04a59596o0322o
59597.44181335	>18.67416028899197	0.0	49.66832028727988	41.048198584528826	o	>18.67416028899197	1.16	170.420820357143	20.1747992857143	7423.64	1959.61	2.94	2.8	>18.67416028899197	-0.4807	18.25	178.4	01a59597o0526o
59597.44504545	>19.27	0.0	-108.08447427295842	37.30349112075556	o	>19.27	1.11	170.420820357143	20.1747992857143	7404.37	1923.53	2.85	2.67	>19.27	-0.4927	18.27	177.0	01a59597o0533o
59597.44780805	>19.19	0.0	-22.26822466856209	40.00397882936376	o	>19.19	1.07	170.420820357143	20.1747992857143	7464.3	1997.09	2.89	2.74	>19.19	-0.4837	18.3	179.4	01a59597o0539o
59597.45429315	>19.3	0.0	9.15790089236347	36.07091575971734	o	>19.3	0.83	170.420820357143	20.1747992857143	7485.49	1882.09	2.81	2.68	>19.3	-0.4857	18.33	180.3	01a59597o0553o
59597.98636535	>18.281105718453517	0.0	128.82651239289362	58.67346108983274	o	>18.281105718453517	0.93	170.420820357143	20.1747992857143	9378.08	327.77	3.32	2.41	>18.281105718453517	-0.3697	17.72	181.4	03a59598o0425o
59597.98919485	>18.264800760242363	0.0	107.50076609326933	59.754415195460886	o	>18.264800760242363	1.01	170.420820357143	20.1747992857143	9355.0	306.39	3.45	2.65	>18.264800760242363	-0.3547	17.66	186.6	03a59598o0431o
59597.99435805	>18.69	0.0	-2.8005376615936073	57.792913561977166	o	>18.69	0.97	170.420820357143	20.1747992857143	9412.81	413.75	3.2	2.5	>18.69	-0.3827	17.75	191.0	03a59598o0442o
59598.00420165	>18.83	0.0	-13.057779001482736	50.094388532961034	o	>18.83	1.3	170.420820357143	20.1747992857143	9440.97	353.11	3.2	2.39	>18.83	-0.3677	17.84	183.5	03a59598o0463o
59598.01729755	None	None	None	None	o	None	None	170.420820357143	20.1747992857143	None	None	None	None	None	-0.4157	18.05	None	03a59598o0491o
59598.02240875	None	None	None	None	o	None	None	170.420820357143	20.1747992857143	None	None	None	None	None	-0.3827	18.07	None	03a59598o0501o
59603.56152745	>19.667531062492642	0.0	17.407297888400766	16.466362867406133	o	>19.667531062492642	1.19	170.420820357143	20.1747992857143	1398.71	3719.58	2.62	2.37	>19.667531062492642	-0.4357	19.18	181.8	02a59603o0636o
59603.56439725	>20.17	0.0	5.402710777386407	15.417491730590477	o	>20.17	0.91	170.420820357143	20.1747992857143	1379.66	3682.55	2.42	2.16	>20.17	-0.4347	19.26	180.3	02a59603o0642o
59603.56983105	>20.16	0.0	-17.469793591147962	15.559034917116156	o	>20.16	1.23	170.420820357143	20.1747992857143	1439.91	3760.95	2.45	2.22	>20.16	-0.4297	19.22	181.1	02a59603o0653o
59603.60502105	>20.16	0.0	2.9263280594208596	15.607082983577914	o	>20.16	1.2	170.420820357143	20.1747992857143	1453.36	3643.62	2.47	2.24	>20.16	-0.4317	19.21	182.0	02a59603o0725o
59605.50351785	>19.64	0.0	7.061485650646542	26.2844188107399	o	>19.64	1.1	170.420820357143	20.1747992857143	2619.79	8322.69	2.76	2.63	>19.64	-0.4827	18.27	188.7	01a59605o0652o
59605.50629085	>18.616745731594204	0.0	97.5987115779703	43.41347371193997	o	>18.616745731594204	0.99	170.420820357143	20.1747992857143	2602.3	8285.85	2.85	2.71	>18.616745731594204	-0.4567	18.52	206.2	01a59605o0658o
59605.51349125	>20.16	0.0	-7.560323393114612	15.916470301293922	o	>20.16	1.4	170.420820357143	20.1747992857143	2660.8	8360.6	2.96	2.81	>20.16	-0.4527	19.34	180.8	01a59605o0673o
59605.54165405	>19.43	0.0	28.638936206832557	30.917033405103325	o	>19.43	1.25	170.420820357143	20.1747992857143	2691.85	8235.1	2.79	2.67	>19.43	-0.4527	18.51	181.5	01a59605o0732o
59606.48669495	>19.645664310361827	0.0	19.374273443938517	16.74319927253946	o	>19.645664310361827	1.41	170.420820357143	20.1747992857143	2613.4	8321.64	2.87	2.59	>19.645664310361827	-0.4877	19.19	182.5	01a59606o0618o
59606.49002555	>20.17	0.0	-40.60290031238081	16.15384205976441	o	>20.17	0.92	170.420820357143	20.1747992857143	2594.52	8282.03	2.85	2.61	>20.17	-0.4817	19.26	180.9	01a59606o0625o
59606.49279925	>19.799780211447793	0.0	15.102921295314701	14.522039707033366	o	>19.799780211447793	1.12	170.420820357143	20.1747992857143	2653.77	8357.5	2.81	2.62	>19.799780211447793	-0.4727	19.36	181.1	01a59606o0631o
59606.49787555	>20.25	0.0	7.480959754362097	14.961919508724193	o	>20.25	0.97	170.420820357143	20.1747992857143	2673.95	8238.83	2.71	2.71	>20.25	-0.4787	19.4	181.4	01a59606o0642o
59607.48107055	>20.15	0.0	2.354618488660364	16.95325311835462	o	>20.15	1.28	170.420820357143	20.1747992857143	2609.74	8320.33	2.74	2.4	>20.15	-0.5117	19.23	181.5	01a59607o0605o
59607.48291425	>20.18	0.0	-25.131973717522577	16.45001916056023	o	>20.18	1.21	170.420820357143	20.1747992857143	2591.05	8281.61	2.76	2.45	>20.18	-0.5087	19.27	180.1	01a59607o0609o
59607.48567585	>20.36	0.0	3.9779124387829228	13.663264463645692	o	>20.36	1.09	170.420820357143	20.1747992857143	2650.26	8357.06	2.71	2.49	>20.36	-0.4907	19.47	181.6	01a59607o0615o
59607.49114825	>20.42	0.0	-34.35889259520219	13.032683398180144	o	>20.42	1.29	170.420820357143	20.1747992857143	2674.85	8241.24	2.75	2.48	>20.42	-0.4957	19.5	181.3	01a59607o0626o
59609.48238225	>20.53	0.0	-19.57796543030706	11.23325885345487	o	>20.53	1.21	170.420820357143	20.1747992857143	9184.53	6841.5	2.18	1.92	>20.53	-0.4477	19.64	182.2	02a59609o0601o
59609.48472875	>20.47	0.0	-3.085567299052703	11.770867844534386	o	>20.47	1.28	170.420820357143	20.1747992857143	9204.08	6880.12	2.25	2.0	>20.47	-0.4417	19.6	181.2	02a59609o0606o
59609.48878355	>20.5	0.0	2.3766291301489733	11.451031263445053	o	>20.5	1.76	170.420820357143	20.1747992857143	9148.29	6798.58	2.2	1.93	>20.5	-0.4437	19.59	180.6	02a59609o0614o
59609.49761655	>20.41	0.0	-16.533111373768982	12.486545652916432	o	>20.41	1.1	170.420820357143	20.1747992857143	9131.23	6919.73	2.26	2.02	>20.41	-0.4397	19.58	182.2	02a59609o0633o
59610.56095535	>20.32	0.0	-6.5153761995994035	13.820494968847223	o	>20.32	1.37	170.420820357143	20.1747992857143	2965.11	6725.14	2.95	2.78	>20.32	-0.4627	19.42	180.5	01a59610o0775o
59610.56654895	>20.13	0.0	-4.903691711304909	16.476404149984496	o	>20.13	0.9	170.420820357143	20.1747992857143	2989.46	6763.99	2.96	2.75	>20.13	-0.4627	19.44	180.5	01a59610o0787o
59610.58811385	>20.27	0.0	-10.892469478960267	14.386280443909788	o	>20.27	0.92	170.420820357143	20.1747992857143	2942.94	6688.9	3.03	2.82	>20.27	-0.4587	19.39	180.5	01a59610o0832o
59610.59244045	19.56	0.25	54.266135455988895	14.364565267761767	o	19.56	1.08	170.420820357143	20.1747992857143	2928.82	6805.64	2.97	2.78	19.56	-0.4637	19.48	181.1	01a59610o0841o
59611.58181255	>20.03	0.0	-28.682528759444804	17.926580474653004	o	>20.03	1.17	170.420820357143	20.1747992857143	2982.24	6725.87	2.78	2.64	>20.03	-0.4587	19.24	180.6	01a59611o0234o
59611.58511895	>19.81	0.0	2.8618794220834487	21.941075569306438	o	>19.81	2.25	170.420820357143	20.1747992857143	3005.15	6764.44	2.79	2.65	>19.81	-0.4557	18.84	182.1	01a59611o0241o
59611.59067085	>20.02	0.0	1.3075775790225288	18.044570590510897	o	>20.02	1.33	170.420820357143	20.1747992857143	2949.27	6688.24	2.83	2.69	>20.02	-0.4577	19.06	182.0	01a59611o0253o
59612.48005015	>20.24	0.0	-21.511077044258784	15.25999482626905	o	>20.24	1.04	170.420820357143	20.1747992857143	7565.36	3874.39	2.89	2.58	>20.24	-0.4867	19.38	181.1	01a59612o0568o
59612.48331005	>20.34	0.0	4.520500075120585	13.742320228366578	o	>20.34	1.15	170.420820357143	20.1747992857143	7549.13	3837.97	2.83	2.62	>20.34	-0.4767	19.4	180.7	01a59612o0575o
59612.48879605	>20.34	0.0	-28.230781228933296	13.84218950579955	o	>20.34	1.14	170.420820357143	20.1747992857143	7606.32	3909.11	2.88	2.56	>20.34	-0.4907	19.43	181.0	01a59612o0586o
59612.49575585	>20.24	0.0	7.312918427827368	15.021129743645403	o	>20.24	1.13	170.420820357143	20.1747992857143	7626.54	3790.3	3.01	2.7	>20.24	-0.4747	19.36	181.5	01a59612o0601o
59615.48359885	>20.29	0.0	3.952492383916669	14.372699577878798	o	>20.29	1.05	170.420820357143	20.1747992857143	7566.58	3871.94	2.82	2.61	>20.29	-0.4737	19.38	181.5	01a59615o0568o
59615.48545175	>20.29	0.0	-30.69514823563596	14.264215944795533	o	>20.29	1.23	170.420820357143	20.1747992857143	7547.12	3832.7	2.81	2.63	>20.29	-0.4727	19.39	180.9	01a59615o0572o
59615.48871555	>20.23	0.0	-21.291326056021255	15.156537192421911	o	>20.23	1.1	170.420820357143	20.1747992857143	7608.04	3908.82	2.8	2.64	>20.23	-0.4717	19.4	180.6	01a59615o0579o
59615.51448725	>20.26	0.0	7.351071967164989	14.702143934329978	o	>20.26	1.32	170.420820357143	20.1747992857143	7637.47	3790.46	2.71	2.6	>20.26	-0.4667	19.42	181.7	01a59615o0633o
59616.46735695	>20.14	0.0	-8.181649791310814	16.64542543749442	o	>20.14	1.28	170.420820357143	20.1747992857143	8479.83	9894.7	2.92	2.62	>20.14	-0.4867	19.07	181.3	01a59616o0470o
59616.47065435	>20.13	0.0	13.675407082679358	16.638411950593216	o	>20.13	1.01	170.420820357143	20.1747992857143	8461.96	9855.05	2.93	2.73	>20.13	-0.4707	19.24	181.5	01a59616o0477o
59616.50021505	>20.17	0.0	-3.9191527531455073	15.863237334160383	o	>20.17	0.98	170.420820357143	20.1747992857143	8536.61	9924.31	2.85	2.71	>20.17	-0.4657	19.41	180.4	01a59616o0535o
59616.51416605	>20.26	0.0	6.031667653376713	14.70218990510574	o	>20.26	1.25	170.420820357143	20.1747992857143	8558.79	9802.33	2.86	2.73	>20.26	-0.4667	19.43	180.9	01a59616o0565o
59618.46999635	>20.22	0.0	13.052424282539228	15.258467823250083	o	>20.22	0.97	170.420820357143	20.1747992857143	8461.24	9898.15	2.84	2.63	>20.22	-0.4737	19.5	180.0	01a59618o0584o
59618.47279685	>20.28	0.0	-13.62815125264503	14.374899266488592	o	>20.28	1.02	170.420820357143	20.1747992857143	8441.75	9858.34	2.83	2.72	>20.28	-0.4707	19.5	181.1	01a59618o0590o
59618.47924245	>20.26	0.0	-1.1315304553979582	14.709895920173455	o	>20.26	1.0	170.420820357143	20.1747992857143	8502.11	9935.07	2.88	2.7	>20.26	-0.4687	19.5	180.1	01a59618o0604o
59618.48937675	>20.32	0.0	-6.194810484623263	14.029423744587978	o	>20.32	1.02	170.420820357143	20.1747992857143	8519.78	9814.61	2.83	2.64	>20.32	-0.4767	19.54	180.7	01a59618o0626o
59619.25078154	>20.23	0.0	-24.262997807927405	14.28820982022392	o	>20.23	1.0	170.420820357143	20.1747992857143	4481.19	8164.92	2.31	1.92	>20.23	-0.4147	19.28	180.3	04a59619o0417o
59619.25351522	>20.21	0.0	-19.595148824362475	14.514925055083316	o	>20.21	1.2	170.420820357143	20.1747992857143	4464.18	8125.97	2.44	1.97	>20.21	-0.4097	19.23	181.9	04a59619o0423o
59619.25907221	>19.817958562137232	0.0	15.926887399664093	14.250372936541554	o	>19.817958562137232	1.14	170.420820357143	20.1747992857143	4526.15	8202.25	2.45	1.92	>19.817958562137232	-0.3937	19.21	181.6	04a59619o0435o
59619.27004461	>20.2	0.0	-24.844866584822007	14.638326798624862	o	>20.2	0.9	170.420820357143	20.1747992857143	4553.3	8083.6	2.37	1.88	>20.2	-0.4107	19.3	180.4	04a59619o0459o
59620.44797455	>20.09	0.0	12.98769054707661	17.435529775527506	o	>20.09	1.04	170.420820357143	20.1747992857143	8455.42	9896.78	2.74	2.59	>20.09	-0.4897	19.23	180.9	01a59620o0496o
59620.45217435	>20.16	0.0	-1.284442244250155	16.537193894720744	o	>20.16	1.1	170.420820357143	20.1747992857143	8436.44	9856.37	2.59	2.45	>20.16	-0.4977	19.3	180.7	01a59620o0505o
59620.45495925	>19.662117216142082	0.0	32.51990493420922	16.526509064926	o	>19.662117216142082	1.24	170.420820357143	20.1747992857143	8496.31	9933.93	2.6	2.45	>19.662117216142082	-0.4947	19.2	179.7	01a59620o0511o
59620.46002565	>19.73391881282354	0.0	30.776996195134096	15.471679168364709	o	>19.73391881282354	1.48	170.420820357143	20.1747992857143	8514.62	9815.53	2.63	2.5	>19.73391881282354	-0.4917	19.32	180.6	01a59620o0522o
59620.48766035	>20.34	0.0	-9.074123767214017	13.331120102450223	o	>20.34	1.07	170.420820357143	20.1747992857143	2331.89	4518.26	2.23	1.96	>20.34	-0.4467	19.47	181.5	02a59620o0586o
59620.48989885	>19.861063062374203	0.0	31.95896283383405	13.773559739834207	o	>19.861063062374203	1.39	170.420820357143	20.1747992857143	2351.76	4556.25	2.19	1.91	>19.861063062374203	-0.4507	19.48	181.5	02a59620o0590o
59620.50051585	>20.52	0.0	8.835463349968975	11.374389599960057	o	>20.52	1.0	170.420820357143	20.1747992857143	2297.34	4473.08	2.13	1.85	>20.52	-0.4527	19.54	181.8	02a59620o0612o
59620.50371795	>20.35	0.0	-46.40174474587436	13.341727876192206	o	>20.35	1.04	170.420820357143	20.1747992857143	2278.64	4588.5	2.08	1.83	>20.35	-0.4547	19.59	181.8	02a59620o0619o
59621.48476025	>19.820747094602712	0.0	21.616453026788854	14.235225163982903	o	>19.820747094602712	1.01	170.420820357143	20.1747992857143	2334.8	4514.89	2.15	1.91	>19.820747094602712	-0.4497	19.4	182.7	02a59621o0575o
59621.48658625	>20.3	0.0	-28.14230069448876	13.805656944466186	o	>20.3	1.32	170.420820357143	20.1747992857143	2354.51	4553.88	2.16	1.92	>20.3	-0.4477	19.4	183.1	02a59621o0579o
59621.48950185	>20.24	0.0	-1.3109836744957202	14.530069058994233	o	>20.24	1.23	170.420820357143	20.1747992857143	2297.81	4475.83	2.2	1.95	>20.24	-0.4417	19.38	181.4	02a59621o0585o
59621.49499045	>20.24	0.0	9.7032250852508	14.497759833257076	o	>20.24	1.37	170.420820357143	20.1747992857143	2278.46	4592.42	2.26	2.0	>20.24	-0.4337	19.34	181.8	02a59621o0597o
59621.55468415	>20.45	0.0	-6.846651468251634	12.226163336163635	o	>20.45	1.7	170.420820357143	20.1747992857143	8267.49	6032.67	2.07	1.83	>20.45	-0.4567	19.62	181.0	02a59621o0716o
59622.39321525	>19.81	0.0	9.94326446900946	21.798695182059202	o	>19.81	0.96	170.420820357143	20.1747992857143	8450.19	9920.28	2.9	2.72	>19.81	-0.4492	18.92	179.2	01a59622o0392o
59622.40639445	>20.12	0.0	9.914642414418587	16.458306407934856	o	>20.12	1.67	170.420820357143	20.1747992857143	2326.53	4512.73	2.06	1.83	>20.12	-0.4577	19.26	181.4	02a59622o0419o
59622.40867915	>20.21	0.0	-2.607156831587709	15.041289413006016	o	>20.21	1.4	170.420820357143	20.1747992857143	2345.41	4550.43	2.08	1.85	>20.21	-0.4487	19.21	183.1	02a59622o0424o
59622.41638815	>19.76	0.0	-19.62653722205816	22.679554123267213	o	>19.76	1.05	170.420820357143	20.1747992857143	8437.25	9870.13	3.08	2.96	>19.76	-0.4407	18.88	180.9	01a59622o0441o
59622.41921575	>20.15	0.0	5.967482493819613	16.012744691749297	o	>20.15	0.96	170.420820357143	20.1747992857143	2287.47	4472.69	2.08	1.84	>20.15	-0.4507	19.29	181.2	02a59622o0447o
59622.42196335	>20.26	0.0	12.916604176868454	14.494204687020325	o	>20.26	1.24	170.420820357143	20.1747992857143	2267.67	4589.63	2.06	1.83	>20.26	-0.4567	19.34	182.9	02a59622o0453o
59622.43514495	>19.93	0.0	-18.25362124910934	20.116235662283756	o	>19.93	1.05	170.420820357143	20.1747992857143	8496.96	9944.76	2.84	2.65	>19.93	-0.4817	19.07	179.0	01a59622o0480o
59622.45377555	>19.94	0.0	-36.70345914102685	19.903865902347896	o	>19.94	0.71	170.420820357143	20.1747992857143	8519.19	9815.2	2.81	2.65	>19.94	-0.4767	19.12	180.2	01a59622o0519o
59623.36711755	>19.59	0.0	1.637472738691312	27.22298428074306	o	>19.59	1.06	170.420820357143	20.1747992857143	8437.1	9919.86	2.98	2.76	>19.59	-0.4657	18.63	178.0	01a59623o0351o
59623.36942235	>19.58	0.0	15.36577327856185	27.363705838534802	o	>19.58	1.35	170.420820357143	20.1747992857143	8418.32	9880.22	3.01	2.81	>19.58	-0.4667	18.68	180.2	01a59623o0356o
59623.37604685	>19.65	0.0	-18.92629085719213	25.77197052894247	o	>19.65	0.97	170.420820357143	20.1747992857143	8481.02	9955.67	2.98	2.73	>19.65	-0.4657	18.72	176.8	01a59623o0370o
59623.38897915	>19.6	0.0	24.629149315060626	27.031993150676293	o	>19.6	0.97	170.420820357143	20.1747992857143	8502.84	9832.94	2.98	2.71	>19.6	-0.4737	18.71	177.0	01a59623o0398o
59624.43521405	>19.54	0.0	-10.527553249080519	28.836341508350987	o	>19.54	1.09	170.420820357143	20.1747992857143	3316.73	3655.12	3.02	2.64	>19.54	-0.4827	18.55	182.5	01a59624o0504o
59624.43720235	>19.75	0.0	-3.8955266658065666	24.11516507404065	o	>19.75	0.98	170.420820357143	20.1747992857143	3296.92	3616.17	2.93	2.53	>19.75	-0.5007	18.75	181.5	01a59624o0508o
59624.43998015	>19.23328213821437	0.0	24.976372804430927	24.609073204365767	o	>19.23328213821437	1.09	170.420820357143	20.1747992857143	3356.91	3692.71	2.9	2.54	>19.23328213821437	-0.4987	18.75	182.1	01a59624o0514o
59624.44508495	>19.74	0.0	-1.8888597558673423	24.177404875101985	o	>19.74	1.05	170.420820357143	20.1747992857143	3375.63	3575.72	2.93	2.6	>19.74	-0.4917	18.75	178.8	01a59624o0525o
59624.54708595	>20.01	0.0	16.975474681594566	18.22520287901257	o	>20.01	1.32	170.420820357143	20.1747992857143	8252.73	6047.96	2.14	1.89	>20.01	-0.4547	19.04	184.4	02a59624o0248o
59624.57610365	>19.43599018282542	0.0	23.189187004311968	20.406484563794535	o	>19.43599018282542	0.93	170.420820357143	20.1747992857143	8228.79	6008.68	2.11	1.89	>19.43599018282542	-0.4547	18.98	182.3	02a59624o0309o
59624.58810295	>19.91	0.0	18.133890668380154	20.016644344332192	o	>19.91	0.82	170.420820357143	20.1747992857143	8288.17	6090.93	2.08	1.84	>19.91	-0.4577	19.02	181.2	02a59624o0334o
59624.59131575	>19.94	0.0	-18.61435399111562	19.41497136707758	o	>19.94	0.93	170.420820357143	20.1747992857143	8307.61	5973.98	2.08	1.86	>19.94	-0.4537	19.03	181.2	02a59624o0341o
59625.38816125	>19.52	0.0	-7.392805388736117	28.339087323488446	o	>19.52	1.05	170.420820357143	20.1747992857143	2326.85	4515.96	2.23	1.94	>19.52	-0.4447	18.52	180.6	02a59625o0307o
59625.39693685	>19.55	0.0	-56.375135106509234	27.709812170996067	o	>19.55	1.34	170.420820357143	20.1747992857143	2346.58	4556.74	2.29	2.02	>19.55	-0.4447	18.53	179.2	02a59625o0326o
59625.39876485	>19.56	0.0	-69.98296648376788	26.906574914276753	o	>19.56	1.5	170.420820357143	20.1747992857143	2288.55	4478.73	2.41	2.1	>19.56	-0.4317	18.5	183.8	02a59625o0330o
59625.41328275	>19.59	0.0	-27.25900183330709	26.715993828659535	o	>19.59	0.92	170.420820357143	20.1747992857143	2268.21	4594.94	2.19	1.91	>19.59	-0.4537	18.59	180.0	02a59625o0360o
59631.42839065	>19.97	0.0	-4.895669878769478	19.401358408456822	o	>19.97	1.11	170.420820357143	20.1747992857143	3314.41	3651.47	2.82	2.61	>19.97	-0.4827	19.08	179.9	01a59631o0447o
59631.43074225	>19.522566630072955	0.0	21.588685066528857	18.71019372432501	o	>19.522566630072955	1.23	170.420820357143	20.1747992857143	3294.08	3612.47	2.83	2.59	>19.522566630072955	-0.4827	19.11	182.5	01a59631o0452o
59631.43393255	>20.05	0.0	5.688984486404163	17.95585728521314	o	>20.05	1.21	170.420820357143	20.1747992857143	3354.32	3688.44	2.81	2.58	>20.05	-0.4827	19.12	180.0	01a59631o0459o
59631.45571695	>20.15	0.0	-26.201395822385294	16.46439061812049	o	>20.15	1.61	170.420820357143	20.1747992857143	3374.64	3570.04	2.79	2.59	>20.15	-0.4847	19.12	182.3	01a59631o0504o
59632.48198645	>20.14	0.0	-13.30492624052831	16.446367158430828	o	>20.14	0.88	170.420820357143	20.1747992857143	5875.98	455.25	2.83	2.68	>20.14	-0.4757	19.24	180.1	01a59632o0601o
59632.49115115	>20.11	0.0	13.34208451125861	16.772906242725107	o	>20.11	1.1	170.420820357143	20.1747992857143	5898.21	493.99	2.9	2.72	>20.11	-0.4677	19.2	180.5	01a59632o0621o
59632.49395825	>20.07	0.0	3.6935382932482	17.236512035158267	o	>20.07	1.11	170.420820357143	20.1747992857143	5839.87	417.38	3.01	2.85	>20.07	-0.4577	19.12	179.8	01a59632o0627o
59632.52260575	>20.08	0.0	-19.917690603015707	16.643549681972026	o	>20.08	1.06	170.420820357143	20.1747992857143	6460.23	10019.3	2.46	2.21	>20.08	-0.4257	19.3	181.4	02a59632o0628o
59632.52334165	>20.1	0.0	-7.0785005523910405	16.9884013257385	o	>20.1	1.31	170.420820357143	20.1747992857143	5831.75	535.84	2.97	2.8	>20.1	-0.4647	19.17	179.6	01a59632o0689o
59632.52585555	>20.17	0.0	-27.794918179529347	15.33964824058931	o	>20.17	1.04	170.420820357143	20.1747992857143	6441.5	9979.92	2.41	2.16	>20.17	-0.4297	19.31	181.7	02a59632o0635o
59632.53227975	>19.651977568146123	0.0	22.002034164834264	16.616920907706994	o	>19.651977568146123	1.06	170.420820357143	20.1747992857143	6499.04	10059.4	2.58	2.37	>19.651977568146123	-0.4277	19.18	182.3	02a59632o0649o
59632.54214035	>20.15	0.0	12.714623791006609	15.62839174311229	o	>20.15	1.07	170.420820357143	20.1747992857143	6517.98	9942.47	2.41	2.18	>20.15	-0.4287	19.28	181.9	02a59632o0670o
59633.44354675	>20.36	0.0	-14.793577509171033	12.944380320524655	o	>20.36	1.38	170.420820357143	20.1747992857143	4115.4	546.56	2.26	2.01	>20.36	-0.4377	19.48	181.8	02a59633o0501o
59633.44537515	>20.28	0.0	12.911503140523333	14.044091135306079	o	>20.28	1.06	170.420820357143	20.1747992857143	4135.08	587.1	2.24	1.98	>20.28	-0.4407	19.5	180.8	02a59633o0505o
59633.47027425	>20.24	0.0	-39.0927803266763	14.452482423801541	o	>20.24	1.0	170.420820357143	20.1747992857143	4085.89	507.66	2.3	2.03	>20.24	-0.4357	19.42	179.8	02a59633o0558o
59633.48377775	>20.25	0.0	11.071039966435734	14.320149521802746	o	>20.25	1.08	170.420820357143	20.1747992857143	4069.83	626.01	2.32	2.05	>20.25	-0.4327	19.41	180.9	02a59633o0587o
59634.47972925	>20.25	0.0	10.336320772481576	14.658782186428414	o	>20.25	1.15	170.420820357143	20.1747992857143	5876.08	453.81	2.87	2.73	>20.25	-0.4577	19.36	180.1	01a59634o0592o
59634.48345645	>19.740526601326202	0.0	21.39988613112312	15.313679983739481	o	>19.740526601326202	1.12	170.420820357143	20.1747992857143	5896.11	492.42	2.95	2.79	>19.740526601326202	-0.4497	19.33	181.4	01a59634o0599o
59634.51872465	>20.11	0.0	-10.37018598204033	16.67363236328053	o	>20.11	0.83	170.420820357143	20.1747992857143	5848.85	417.16	2.99	2.83	>20.11	-0.4547	19.3	179.4	01a59634o0675o
59634.52601945	>20.1	0.0	-4.263153508887978	16.646599415657818	o	>20.1	1.08	170.420820357143	20.1747992857143	5833.24	535.62	3.01	2.83	>20.1	-0.4477	19.3	180.1	01a59634o0691o
59635.40676155	>19.714985280594316	0.0	25.74683499436908	15.689477574693658	o	>19.714985280594316	1.39	170.420820357143	20.1747992857143	4623.19	10122.2	2.88	2.73	>19.714985280594316	-0.4607	19.36	180.8	01a59635o0440o
59635.40858285	>19.71789938593525	0.0	19.758624089560346	15.684680978310796	o	>19.71789938593525	1.36	170.420820357143	20.1747992857143	4603.93	10082.8	2.95	2.79	>19.71789938593525	-0.4557	19.35	182.1	01a59635o0444o
59635.41187455	>20.01	0.0	-0.2550123184449816	18.615899246483657	o	>20.01	0.96	170.420820357143	20.1747992857143	4664.93	10161.7	2.93	2.68	>20.01	-0.4757	19.15	180.9	01a59635o0451o
59635.44745205	>20.26	0.0	7.534219284104357	14.47363178262153	o	>20.26	1.57	170.420820357143	20.1747992857143	4687.56	10036.2	2.96	2.79	>20.26	-0.4557	19.4	181.0	01a59635o0526o
59636.40309995	>20.21	0.0	-7.372124809998725	15.283673386582723	o	>20.21	1.06	170.420820357143	20.1747992857143	4625.58	10123.8	2.79	2.65	>20.21	-0.4647	19.4	180.4	01a59636o0426o
59636.40583345	>19.800751076106433	0.0	17.9988088570616	14.515168433114194	o	>19.800751076106433	1.18	170.420820357143	20.1747992857143	4606.45	10084.5	2.91	2.76	>19.800751076106433	-0.4537	19.33	181.3	01a59636o0432o
59636.41102535	>20.12	0.0	-12.229298120040028	16.932874320055422	o	>20.12	1.19	170.420820357143	20.1747992857143	4666.5	10161.2	2.81	2.57	>20.12	-0.4857	19.2	180.9	01a59636o0442o
59636.41701485	>20.3	0.0	-5.439129541135576	14.25427052159668	o	>20.3	1.02	170.420820357143	20.1747992857143	4684.88	10042.0	2.75	2.56	>20.3	-0.4777	19.37	181.7	01a59636o0455o
59638.41614265	>20.25	0.0	1.5394042345324073	14.816765757374421	o	>20.25	1.2	170.420820357143	20.1747992857143	4633.02	10123.5	2.7	2.55	>20.25	-0.4707	19.27	181.2	01a59638o0461o
59638.41805805	>20.17	0.0	6.97816974844061	16.03093050317437	o	>20.17	1.17	170.420820357143	20.1747992857143	4613.82	10085.9	2.77	2.62	>20.17	-0.4717	19.29	181.9	01a59638o0465o
59638.42161935	>20.21	0.0	1.053811934540559	15.455908373261535	o	>20.21	1.08	170.420820357143	20.1747992857143	4673.16	10162.8	2.77	2.6	>20.21	-0.4747	19.31	180.1	01a59638o0472o
59638.43304745	>20.23	0.0	-9.307023525848459	15.213403840329212	o	>20.23	1.17	170.420820357143	20.1747992857143	4689.9	10043.2	2.78	2.64	>20.23	-0.4747	19.33	181.4	01a59638o0497o
59639.48946775	>20.29	0.0	-7.172448843706263	14.344897687412526	o	>20.29	1.27	170.420820357143	20.1747992857143	5883.73	459.74	2.78	2.64	>20.29	-0.4767	19.44	179.8	01a59639o0476o
59639.49495255	>20.27	0.0	9.222899264175068	14.572180837396608	o	>20.27	1.06	170.420820357143	20.1747992857143	5902.98	497.63	2.83	2.69	>20.27	-0.4697	19.43	181.5	01a59639o0488o
59639.52649635	>20.2	0.0	-11.767215353896255	15.511329330135968	o	>20.2	1.22	170.420820357143	20.1747992857143	5853.67	423.24	2.91	2.71	>20.2	-0.4687	19.18	180.7	01a59639o0554o
59639.53968665	>20.43	0.0	-17.515314300939576	12.589132153800321	o	>20.43	1.53	170.420820357143	20.1747992857143	5840.41	541.24	2.81	2.66	>20.43	-0.4737	19.44	180.1	01a59639o0582o
59640.47109965	>19.871842531353263	0.0	14.676842529085386	13.576079339403984	o	>19.871842531353263	1.02	170.420820357143	20.1747992857143	4207.69	4479.71	2.82	2.68	>19.871842531353263	-0.4687	19.48	180.7	01a59640o0541o
59640.47391855	>20.39	0.0	-1.7962503899500004	13.112627846635002	o	>20.39	1.25	170.420820357143	20.1747992857143	4229.54	4518.58	2.79	2.64	>20.39	-0.4737	19.52	181.0	01a59640o0547o
59640.48928425	>20.49	0.0	-9.474373504661767	12.012152121981883	o	>20.49	1.48	170.420820357143	20.1747992857143	4174.81	4443.16	2.7	2.56	>20.49	-0.4777	19.54	180.6	01a59640o0579o
59640.49568985	>20.36	0.0	-23.566226861481592	13.414621444227983	o	>20.36	1.14	170.420820357143	20.1747992857143	4160.74	4559.43	2.81	2.66	>20.36	-0.4697	19.5	180.0	01a59640o0593o
59642.36178855	>20.09	0.0	-6.474482282552698	17.32876140330281	o	>20.09	1.19	170.420820357143	20.1747992857143	6320.63	6123.3	2.93	2.59	>20.09	-0.4797	19.2	181.0	01a59642o0331o
59642.39737085	>20.21	0.0	-28.958178773126107	15.431661056731674	o	>20.21	1.04	170.420820357143	20.1747992857143	6303.79	6074.41	2.93	2.62	>20.21	-0.4737	19.3	180.7	01a59642o0405o
59642.40019255	>20.2	0.0	5.813004757360922	15.36294114445387	o	>20.2	1.31	170.420820357143	20.1747992857143	6362.9	6151.2	3.0	2.73	>20.2	-0.4587	19.24	181.2	01a59642o0411o
59642.40660515	>20.27	0.0	-1.8417239785664499	14.733791828531599	o	>20.27	1.31	170.420820357143	20.1747992857143	6380.47	6037.43	2.86	2.59	>20.27	-0.4817	19.35	181.4	01a59642o0425o
59643.36823595	>20.27	0.0	-18.47233168518293	14.499787236756493	o	>20.27	1.13	170.420820357143	20.1747992857143	6320.9	6118.38	2.94	2.75	>20.27	-0.4657	19.39	181.6	01a59643o0351o
59643.40173595	>20.46	0.0	-10.43279656517745	12.345475935459982	o	>20.46	1.03	170.420820357143	20.1747992857143	6303.82	6071.32	2.74	2.55	>20.46	-0.4807	19.51	180.8	01a59643o0422o
59643.40699285	>20.37	0.0	-5.019710036028896	13.199978242890799	o	>20.37	1.01	170.420820357143	20.1747992857143	6362.73	6146.27	2.85	2.67	>20.37	-0.4687	19.47	182.2	01a59643o0433o
59643.41109175	>20.36	0.0	-8.563700298957158	13.483272811124039	o	>20.36	1.52	170.420820357143	20.1747992857143	6380.53	6029.15	2.82	2.63	>20.36	-0.4747	19.47	181.3	01a59643o0442o
59644.36530455	>20.24	0.0	10.803720534083206	15.231474851330423	o	>20.24	0.98	170.420820357143	20.1747992857143	6321.95	6117.05	2.78	2.56	>20.24	-0.4857	19.36	180.8	01a59644o0342o
59644.39780985	>20.23	0.0	9.172789787625472	14.60158374356708	o	>20.23	1.31	170.420820357143	20.1747992857143	6305.22	6072.99	2.92	2.7	>20.23	-0.4387	19.35	181.5	01a59644o0411o
59644.40244415	>19.714524263175228	0.0	25.34228687561703	15.736742656633158	o	>19.714524263175228	1.1	170.420820357143	20.1747992857143	6363.81	6146.49	2.98	2.82	>19.714524263175228	-0.4637	19.31	180.5	01a59644o0421o
59644.40611645	>20.32	0.0	-27.454471368093106	14.003622979698495	o	>20.32	1.24	170.420820357143	20.1747992857143	6381.14	6029.27	2.83	2.66	>20.32	-0.4747	19.4	181.3	01a59644o0429o
59646.54156945	>19.53	0.0	27.52834519905351	27.905445818218627	o	>19.53	1.04	170.420820357143	20.1747992857143	4234.01	4481.46	3.22	3.03	>19.53	-0.4337	18.66	181.0	01a59646o0581o
59646.55087115	>19.86	0.0	-4.458875472535925	21.179658494545645	o	>19.86	1.28	170.420820357143	20.1747992857143	4255.84	4520.73	2.92	2.7	>19.86	-0.4707	18.9	179.8	01a59646o0601o
59646.55644145	>19.49	0.0	-47.7161150291953	29.96128152995984	o	>19.49	1.29	170.420820357143	20.1747992857143	4197.27	4444.95	2.94	2.71	>19.49	-0.4707	18.57	181.6	01a59646o0613o
59646.56421605	>19.76	0.0	-17.84034555447473	23.503947317800044	o	>19.76	0.89	170.420820357143	20.1747992857143	4181.71	4562.57	2.79	2.59	>19.76	-0.4837	18.87	181.6	01a59646o0629o
59647.35948695	>19.608800987702157	0.0	29.13459294617706	17.368699640990172	o	>19.608800987702157	1.15	170.420820357143	20.1747992857143	6322.1	6117.44	2.88	2.57	>19.608800987702157	-0.4887	19.21	180.3	01a59647o0270o
59647.36268525	>20.15	0.0	-5.76530173748189	16.551995310835103	o	>20.15	1.17	170.420820357143	20.1747992857143	6302.63	6079.01	2.87	2.58	>20.15	-0.4857	19.22	181.9	01a59647o0277o
59647.36542255	>20.02	0.0	-0.21735140285884885	18.040166437284455	o	>20.02	1.24	170.420820357143	20.1747992857143	6362.06	6155.21	3.12	2.82	>20.02	-0.4547	19.11	181.7	01a59647o0283o
59647.37097215	>20.01	0.0	-25.412402084922313	18.6917668227941	o	>20.01	1.34	170.420820357143	20.1747992857143	6380.98	6036.95	2.87	2.58	>20.01	-0.4797	19.06	181.5	01a59647o0295o
59648.32861675	>19.70680462714553	0.0	35.09757826797891	15.901351786716976	o	>19.70680462714553	0.86	170.420820357143	20.1747992857143	2252.46	2575.64	2.49	2.22	>19.70680462714553	-0.4257	19.19	181.1	02a59648o0213o
59648.33182855	>20.28	0.0	-3.8942893189380756	14.019441548177069	o	>20.28	1.15	170.420820357143	20.1747992857143	2279.1	2615.92	2.19	1.93	>20.28	-0.4437	19.34	181.6	02a59648o0220o
59648.33505125	>20.22	0.0	10.852017098739955	14.879569836416639	o	>20.22	1.24	170.420820357143	20.1747992857143	2220.04	2538.1	2.2	1.93	>20.22	-0.4487	19.35	181.1	02a59648o0227o
59648.34286535	>20.19	0.0	9.896134374282079	15.356070580782536	o	>20.19	1.17	170.420820357143	20.1747992857143	2199.56	2654.97	2.22	1.95	>20.19	-0.4467	19.35	180.4	02a59648o0244o
59649.38946885	>20.25	0.0	-9.703645446471862	14.55546816970779	o	>20.25	1.24	170.420820357143	20.1747992857143	2263.64	2577.59	2.21	1.92	>20.25	-0.4497	19.42	180.4	02a59649o0312o
59649.39227725	>20.29	0.0	-37.046415724569	14.020643489606115	o	>20.29	1.24	170.420820357143	20.1747992857143	2282.15	2618.34	2.24	1.96	>20.29	-0.4497	19.44	181.6	02a59649o0318o
59649.39596265	>20.32	0.0	-7.541664203716447	13.597849094579654	o	>20.32	1.3	170.420820357143	20.1747992857143	2224.02	2538.06	2.26	1.96	>20.32	-0.4437	19.43	179.8	02a59649o0326o
59649.40599565	>20.31	0.0	0.824823986109144	13.786343767824263	o	>20.31	1.33	170.420820357143	20.1747992857143	2210.62	2654.92	2.26	2.01	>20.31	-0.4497	19.41	178.9	02a59649o0347o
59650.38342405	>20.1	0.0	-39.67015168450041	17.225197441954126	o	>20.1	1.18	170.420820357143	20.1747992857143	2467.05	6386.76	2.74	2.58	>20.1	-0.4797	19.18	182.8	01a59650o0360o
59650.38524655	>20.07	0.0	6.8951485753814685	17.50306946058373	o	>20.07	1.52	170.420820357143	20.1747992857143	2447.57	6347.31	2.77	2.61	>20.07	-0.4737	19.16	181.1	01a59650o0364o
59650.39440955	>20.08	0.0	-6.333076676080528	17.189779549361432	o	>20.08	1.33	170.420820357143	20.1747992857143	2506.51	6421.89	2.81	2.66	>20.08	-0.4637	19.15	181.8	01a59650o0384o
59650.41683005	>20.16	0.0	8.966661128196705	16.208964347124812	o	>20.16	1.2	170.420820357143	20.1747992857143	2524.09	6298.63	2.72	2.59	>20.16	-0.4767	19.23	182.2	01a59650o0431o
59651.16591815	>19.275961321064738	0.0	40.25097495975004	23.619495722908873	o	>19.275961321064738	1.22	170.420820357143	20.1747992857143	8246.23	6063.29	2.35	1.93	>19.275961321064738	-0.4057	18.72	181.6	04a59651o0273o
59651.16862115	>19.73	0.0	-29.786865406038423	22.643408996445494	o	>19.73	1.38	170.420820357143	20.1747992857143	8226.85	6024.34	2.31	1.89	>19.73	-0.4097	18.76	185.4	04a59651o0279o
59651.17177505	>19.69	0.0	7.161437329616214	23.511133874589074	o	>19.69	1.04	170.420820357143	20.1747992857143	8286.12	6101.47	2.31	1.9	>19.69	-0.4087	18.76	178.5	04a59651o0286o
59651.19184005	>19.321778806038385	0.0	23.648961989676245	22.69756696710306	o	>19.321778806038385	1.28	170.420820357143	20.1747992857143	2188.85	4619.73	2.24	1.96	>19.321778806038385	-0.4147	18.85	179.0	04a59651o0330o
59651.36632005	>19.65	0.0	-39.948941931570964	26.362245944691495	o	>19.65	1.18	170.420820357143	20.1747992857143	2466.2	6381.5	2.77	2.52	>19.65	-0.4947	18.87	181.0	01a59651o0323o
59651.36814365	>19.65	0.0	-20.11317011797982	25.94598945219397	o	>19.65	1.36	170.420820357143	20.1747992857143	2446.37	6342.72	2.86	2.63	>19.65	-0.4787	18.89	181.5	01a59651o0327o
59651.39565335	>19.75	0.0	11.179809260283886	23.340303543399695	o	>19.75	1.38	170.420820357143	20.1747992857143	2508.6	6414.01	2.96	2.76	>19.75	-0.4597	18.93	181.2	01a59651o0380o
59651.41091075	>19.78	0.0	17.529466674084528	22.937493626727633	o	>19.78	1.29	170.420820357143	20.1747992857143	2525.98	6296.63	2.84	2.7	>19.78	-0.4767	19.0	181.6	01a59651o0413o
59658.44541585	>19.77	0.0	-2.3987639746670406	22.24308412873074	o	>19.77	1.12	170.420820357143	20.1747992857143	4392.92	6223.23	2.23	1.92	>19.77	-0.4357	18.81	184.3	02a59658o0511o
59658.44861395	>19.87	0.0	-27.257683146409356	20.74838567861011	o	>19.87	0.91	170.420820357143	20.1747992857143	4373.96	6184.35	2.11	1.86	>19.87	-0.4537	18.89	181.6	02a59658o0518o
59658.45556875	>19.84	0.0	-29.86736962485589	20.96853004484746	o	>19.84	1.02	170.420820357143	20.1747992857143	4432.19	6262.43	2.14	1.87	>19.84	-0.4417	18.89	181.7	02a59658o0532o
59658.46609275	>19.79	0.0	-43.177975985761336	22.018619594729035	o	>19.79	0.89	170.420820357143	20.1747992857143	4452.98	6149.49	2.19	1.91	>19.79	-0.4427	18.81	182.4	02a59658o0555o
59659.24745955	>19.092388292359615	0.0	44.2288338984106	28.030375623514995	o	>19.092388292359615	1.09	170.420820357143	20.1747992857143	4102.15	514.38	2.42	1.94	>19.092388292359615	-0.3877	18.53	159.2	04a59659o0592o
59659.25016985	>19.010011719679884	0.0	46.27890051722535	30.217399749482436	o	>19.010011719679884	0.83	170.420820357143	20.1747992857143	4122.81	553.19	2.36	1.91	>19.010011719679884	-0.3927	18.52	154.6	04a59659o0598o
59659.25564515	>19.43	0.0	17.660298109856267	29.160027111623137	o	>19.43	1.05	170.420820357143	20.1747992857143	4068.15	472.55	2.37	1.92	>19.43	-0.3857	18.5	171.5	04a59659o0610o
59659.26744505	>19.37	0.0	-25.982880916326792	30.45771040747196	o	>19.37	0.94	170.420820357143	20.1747992857143	4054.43	585.43	2.44	1.97	>19.37	-0.3747	18.41	165.3	04a59659o0636o
59659.41803385	>19.8	0.0	-21.586852849238777	22.350989233282625	o	>19.8	1.33	170.420820357143	20.1747992857143	9314.17	8705.9	2.92	2.71	>19.8	-0.4637	18.96	184.2	01a59659o0451o
59659.42507765	>19.79	0.0	1.0355439033397589	22.160639531470835	o	>19.79	1.24	170.420820357143	20.1747992857143	9336.03	8744.1	3.06	2.84	>19.79	-0.4497	18.94	183.6	01a59659o0465o
59659.42826835	>19.77	0.0	-21.004789440434656	23.105268384478126	o	>19.77	1.25	170.420820357143	20.1747992857143	9276.99	8667.83	2.9	2.72	>19.77	-0.4677	18.98	185.2	01a59659o0472o
59659.43834365	>19.75	0.0	16.84756810953687	23.31233261668474	o	>19.75	1.22	170.420820357143	20.1747992857143	9263.15	8786.18	2.94	2.75	>19.75	-0.4667	18.95	180.8	01a59659o0494o
59660.43003595	>20.04	0.0	4.568198697586828	18.272794790347312	o	>20.04	1.1	170.420820357143	20.1747992857143	9318.14	8706.55	2.77	2.57	>20.04	-0.4847	19.18	182.7	01a59660o0430o
59660.43558805	>19.9	0.0	9.199549926026183	20.35645090014304	o	>19.9	1.08	170.420820357143	20.1747992857143	9340.27	8744.38	2.94	2.73	>19.9	-0.4637	19.07	183.9	01a59660o0442o
59660.43839345	>19.82	0.0	12.502523026408683	22.16356354681539	o	>19.82	0.83	170.420820357143	20.1747992857143	9279.24	8668.45	2.82	2.65	>19.82	-0.4787	19.05	186.0	01a59660o0448o
59660.47298265	>19.385293594003112	0.0	38.55264710170092	21.223426939825256	o	>19.385293594003112	1.3	170.420820357143	20.1747992857143	9271.61	8789.72	2.93	2.73	>19.385293594003112	-0.4677	19.01	181.4	01a59660o0521o
59660.48256905	>19.734979072983872	0.0	18.304295158207832	15.397142397786592	o	>19.734979072983872	0.99	170.420820357143	20.1747992857143	4393.14	6224.59	2.19	1.92	>19.734979072983872	-0.4357	19.24	181.9	02a59660o0541o
59660.48623415	>20.16	0.0	-8.251683683255163	15.646049581237065	o	>20.16	1.05	170.420820357143	20.1747992857143	4373.97	6185.53	2.17	1.91	>20.16	-0.4422	19.23	179.9	02a59660o0549o
59660.50048615	>20.09	0.0	-6.122471358297988	16.618136543951678	o	>20.09	1.06	170.420820357143	20.1747992857143	4430.3	6262.74	2.2	1.93	>20.09	-0.4377	19.21	179.4	02a59660o0580o
59660.51489745	>20.08	0.0	10.8531663859826	16.82240789827303	o	>20.08	1.1	170.420820357143	20.1747992857143	4448.87	6146.9	2.19	1.9	>20.08	-0.4407	19.18	180.2	02a59660o0611o
59661.42598585	>20.41	0.0	6.179379435264575	12.460060172746603	o	>20.41	1.22	170.420820357143	20.1747992857143	4397.14	6224.3	2.15	1.84	>20.41	-0.4417	19.48	182.7	02a59661o0463o
59661.42918645	>19.892247901708778	0.0	30.123590783891146	13.331724299627501	o	>19.892247901708778	0.85	170.420820357143	20.1747992857143	4377.12	6184.6	2.15	1.84	>19.892247901708778	-0.4437	19.5	182.3	02a59661o0470o
59661.43523355	>19.49	0.0	1.7515599810601188	29.119684685124476	o	>19.49	1.39	170.420820357143	20.1747992857143	4433.66	6260.89	2.2	1.9	>19.49	-0.4447	18.47	180.9	02a59661o0482o
59661.44540365	>20.35	0.0	-26.187696724321206	13.196949530366595	o	>20.35	1.09	170.420820357143	20.1747992857143	4453.54	6147.19	2.16	1.83	>20.35	-0.4437	19.43	182.0	02a59661o0504o
59663.17135335	>20.05	0.0	-13.639302723174007	16.922838563938118	o	>20.05	0.74	170.420820357143	20.1747992857143	4045.96	562.69	2.26	1.92	>20.05	-0.4097	19.27	172.8	04a59663o0390o
59663.17505125	>20.07	0.0	-1.1326342824652198	16.486121222549308	o	>20.07	1.31	170.420820357143	20.1747992857143	4068.64	598.09	2.28	1.9	>20.07	-0.4077	19.23	176.1	04a59663o0398o
59663.18492315	>20.23	0.0	-6.763410650504269	14.141676814690744	o	>20.23	1.38	170.420820357143	20.1747992857143	4020.26	509.84	2.25	1.89	>20.23	-0.4017	19.32	176.7	04a59663o0419o
59663.19042425	>20.09	0.0	-20.98182295800752	16.189678208339135	o	>20.09	1.33	170.420820357143	20.1747992857143	4006.19	622.16	2.28	1.95	>20.09	-0.4087	19.25	176.9	04a59663o0431o
59664.41294005	>20.28	0.0	-36.50173864540207	14.563825015084664	o	>20.28	1.27	170.420820357143	20.1747992857143	10193.2	2543.37	2.82	2.61	>20.28	-0.4767	19.42	181.3	01a59664o0438o
59664.42764245	>20.25	0.0	-26.89860176305695	14.923196868545292	o	>20.25	1.1	170.420820357143	20.1747992857143	10217.0	2582.2	2.84	2.59	>20.25	-0.4767	19.39	181.5	01a59664o0470o
59664.42809595	>20.31	0.0	-45.61046792439225	14.197811027048171	o	>20.31	1.2	170.420820357143	20.1747992857143	231.09	2771.81	2.75	2.56	>20.31	-0.4817	19.45	181.6	01a59664o0471o
59664.43174335	>20.26	0.0	-47.03522738768766	14.834187099193802	o	>20.26	1.18	170.420820357143	20.1747992857143	10158.6	2507.54	2.8	2.57	>20.26	-0.4807	19.42	180.1	01a59664o0479o
59664.43722065	>20.19	0.0	-7.659985884731724	15.693629617499145	o	>20.19	1.05	170.420820357143	20.1747992857143	10142.2	2625.62	2.85	2.61	>20.19	-0.4737	19.37	181.3	01a59664o0491o
59664.43904425	>20.22	0.0	-12.161760482079364	15.381050021453314	o	>20.22	1.05	170.420820357143	20.1747992857143	253.81	2811.06	2.76	2.58	>20.22	-0.4787	19.4	181.1	01a59664o0495o
59664.44589545	>20.19	0.0	-0.9319719430656616	15.657128643503112	o	>20.19	1.27	170.420820357143	20.1747992857143	193.74	2733.35	2.84	2.63	>20.19	-0.4727	19.41	180.8	01a59664o0510o
59664.44954895	>20.2	0.0	-21.000965134010503	15.361817088766937	o	>20.2	1.13	170.420820357143	20.1747992857143	179.23	2850.68	2.91	2.7	>20.2	-0.4607	19.35	180.7	01a59664o0518o
59666.43039925	>20.19	0.0	-7.3319968528527335	15.736968854903427	o	>20.19	1.01	170.420820357143	20.1747992857143	10198.1	2538.47	2.81	2.6	>20.19	-0.4747	19.36	180.6	01a59666o0177o
59666.43359005	>20.14	0.0	4.043834127918054	16.359147153850312	o	>20.14	1.31	170.420820357143	20.1747992857143	10219.3	2577.31	2.86	2.65	>20.14	-0.4657	19.34	181.1	01a59666o0184o
59666.44043735	>20.28	0.0	0.7329697661682373	14.476152881822689	o	>20.28	1.19	170.420820357143	20.1747992857143	10161.3	2503.0	2.86	2.62	>20.28	-0.4727	19.32	181.2	01a59666o0199o
59666.45279335	>20.23	0.0	-23.40639214223484	15.329538515689016	o	>20.23	1.12	170.420820357143	20.1747992857143	10146.5	2621.88	2.69	2.46	>20.23	-0.4907	19.38	180.1	01a59666o0226o
59666.45324915	>20.27	0.0	-5.570776020701389	14.855402721870373	o	>20.27	1.76	170.420820357143	20.1747992857143	237.69	2767.2	2.71	2.51	>20.27	-0.4877	19.37	181.8	01a59666o0227o
59666.45693145	>20.24	0.0	-4.933228934115039	15.128568731286117	o	>20.24	1.44	170.420820357143	20.1747992857143	259.15	2806.72	2.67	2.5	>20.24	-0.4837	19.41	180.8	01a59666o0235o
59666.46423525	>19.64209734500029	0.0	25.500660478685678	16.772246489336894	o	>19.64209734500029	1.22	170.420820357143	20.1747992857143	200.35	2728.74	2.75	2.51	>19.64209734500029	-0.4857	19.35	178.3	01a59666o0251o
59666.48208085	>20.21	0.0	6.55520780283686	15.63164937599559	o	>20.21	1.31	170.420820357143	20.1747992857143	191.2	2846.95	2.7	2.49	>20.21	-0.4897	19.37	179.8	01a59666o0290o
59667.15961125	>20.25	0.0	-8.21760013490718	13.840168648264722	o	>20.25	1.3	170.420820357143	20.1747992857143	4120.96	2509.86	2.42	2.03	>20.25	-0.3917	19.34	180.8	04a59667o0415o
59667.16278145	>20.25	0.0	-7.365518527489373	13.881169532576125	o	>20.25	1.21	170.420820357143	20.1747992857143	4143.2	2546.06	2.4	2.0	>20.25	-0.3967	19.34	182.0	04a59667o0422o
59667.16802715	>20.33	0.0	-10.806073574030044	12.994645437124735	o	>20.33	1.13	170.420820357143	20.1747992857143	4090.66	2463.3	2.34	1.97	>20.33	-0.4037	19.38	181.4	04a59667o0433o
59667.17869895	>20.29	0.0	-26.10443065850289	13.497900730738078	o	>20.29	1.21	170.420820357143	20.1747992857143	4081.42	2570.28	2.24	1.9	>20.29	-0.4117	19.45	181.6	04a59667o0456o
59667.42270595	>18.67	0.0	0.7723057741689179	62.55676770768233	o	>18.67	1.18	170.420820357143	20.1747992857143	10195.7	2541.03	2.89	2.75	>18.67	-0.4567	17.78	181.0	01a59667o0459o
59667.42407205	>18.59	0.0	23.530681752836948	67.34643398225747	o	>18.59	0.97	170.420820357143	20.1747992857143	230.42	2768.24	2.9	2.77	>18.59	-0.4497	17.71	181.9	01a59667o0462o
59667.42589345	>19.36	0.0	-3.167008847803979	33.64946900791728	o	>19.36	1.15	170.420820357143	20.1747992857143	10214.3	2579.81	2.78	2.63	>19.36	-0.4667	18.46	179.5	01a59667o0466o
59667.43138145	>19.38	0.0	-17.78513225076648	33.198913534764095	o	>19.38	1.04	170.420820357143	20.1747992857143	10156.7	2504.66	2.79	2.66	>19.38	-0.4707	18.45	180.7	01a59667o0478o
59667.43651335	>19.075733447027304	0.0	54.87922720161626	28.313486645419857	o	>19.075733447027304	1.17	170.420820357143	20.1747992857143	253.01	2807.34	2.76	2.61	>19.075733447027304	-0.4657	18.63	181.6	01a59667o0489o
59667.43970245	>18.9	0.0	-125.90565787078337	51.416970229953414	o	>18.9	1.14	170.420820357143	20.1747992857143	192.27	2729.84	2.84	2.68	>18.9	-0.4707	17.95	180.0	01a59667o0496o
59667.44154705	>17.56	0.0	163.7469208292726	179.72223017846997	o	>17.56	0.76	170.420820357143	20.1747992857143	10140.9	2623.27	2.78	2.63	>17.56	-0.4887	16.77	179.3	01a59667o0500o
59667.44747855	>18.18	0.0	42.16976531203207	101.47099778207716	o	>18.18	1.15	170.420820357143	20.1747992857143	177.31	2847.67	2.69	2.55	>18.18	-0.4917	17.1	181.3	01a59667o0513o
59670.30495015	>19.34719099637964	0.0	23.928371174633842	22.024978013015236	o	>19.34719099637964	1.22	170.420820357143	20.1747992857143	324.72	8009.82	2.9	2.51	>19.34719099637964	-0.4907	19.07	181.1	01a59670o0203o
59670.30677475	>19.84	0.0	-5.191770023444172	22.06502259963773	o	>19.84	1.21	170.420820357143	20.1747992857143	305.63	7971.41	2.91	2.54	>19.84	-0.4887	19.09	182.3	01a59670o0207o
59670.31226605	>20.16	0.0	15.438456095708917	16.017398199298	o	>20.16	1.45	170.420820357143	20.1747992857143	365.7	8047.46	2.88	2.73	>20.16	-0.4647	19.35	181.7	01a59670o0219o
59670.32230855	>20.17	0.0	5.979706493709895	16.18038227709736	o	>20.17	1.04	170.420820357143	20.1747992857143	384.64	7928.59	2.76	2.57	>20.17	-0.4817	19.41	180.8	01a59670o0241o
59670.32697345	>20.15	0.0	-17.15191352542948	16.516657468932095	o	>20.15	0.97	170.420820357143	20.1747992857143	10288.7	7849.85	2.82	2.58	>20.15	-0.4857	19.26	178.5	01a59670o0251o
59670.32978025	>20.18	0.0	-4.710245265536663	15.638014281581723	o	>20.18	1.14	170.420820357143	20.1747992857143	10268.3	7809.45	2.88	2.69	>20.18	-0.4627	19.37	178.1	01a59670o0257o
59670.33525105	>19.647490612230214	0.0	19.45925484690975	16.788376730667235	o	>19.647490612230214	0.98	170.420820357143	20.1747992857143	10329.0	7886.18	2.9	2.71	>19.647490612230214	-0.4617	19.32	180.0	01a59670o0269o
59670.34619135	>20.2	0.0	-9.10457115843453	15.477770969338701	o	>20.2	1.42	170.420820357143	20.1747992857143	10346.1	7765.56	2.82	2.66	>20.2	-0.4637	19.4	178.4	01a59670o0293o
59671.39963105	>20.15	0.0	10.536171389194626	16.09160721258816	o	>20.15	1.06	170.420820357143	20.1747992857143	222.44	2768.35	2.88	2.72	>20.15	-0.4637	19.38	180.2	01a59671o0403o
59671.40008445	>20.16	0.0	-33.25400323739135	15.921613671235859	o	>20.16	1.13	170.420820357143	20.1747992857143	10189.2	2541.59	2.97	2.78	>20.16	-0.4537	19.34	180.6	01a59671o0404o
59671.40258125	>20.24	0.0	13.50327734614874	14.730848013980447	o	>20.24	1.3	170.420820357143	20.1747992857143	243.43	2807.48	2.96	2.78	>20.24	-0.4527	19.35	182.5	01a59671o0409o
59671.40303505	>20.13	0.0	-6.571720535411391	16.22393507179687	o	>20.13	1.08	170.420820357143	20.1747992857143	10209.2	2579.57	3.0	2.82	>20.13	-0.4527	19.34	181.0	01a59671o0410o
59671.43508335	>20.25	0.0	-2.62079389367717	14.975965106726685	o	>20.25	1.38	170.420820357143	20.1747992857143	190.84	2731.27	2.78	2.62	>20.25	-0.4787	19.33	179.4	01a59671o0476o
59671.43554015	>20.15	0.0	-34.35902592197657	16.403663988556556	o	>20.15	1.02	170.420820357143	20.1747992857143	10157.2	2507.27	2.82	2.62	>20.15	-0.4777	19.21	180.7	01a59671o0477o
59671.46133795	>20.17	0.0	10.090161159830176	16.108853781483262	o	>20.17	1.14	170.420820357143	20.1747992857143	179.52	2849.55	2.78	2.58	>20.17	-0.4787	19.37	180.5	01a59671o0531o
59671.46179105	>20.17	0.0	-26.53654450462732	16.13708787443553	o	>20.17	1.06	170.420820357143	20.1747992857143	10144.4	2629.13	2.79	2.58	>20.17	-0.4817	19.35	181.5	01a59671o0532o
59672.39577855	>20.27	0.0	-29.020750211112507	14.687330899526454	o	>20.27	1.03	170.420820357143	20.1747992857143	5380.08	8999.24	2.75	2.6	>20.27	-0.4827	19.38	180.1	01a59672o0388o
59672.41929835	>20.2	0.0	9.960548398383038	15.494186397484723	o	>20.2	1.19	170.420820357143	20.1747992857143	5406.63	9039.9	2.82	2.66	>20.2	-0.4727	19.29	180.6	01a59672o0437o
59672.42250085	>20.17	0.0	-0.5792161264758126	15.831907457005546	o	>20.17	1.08	170.420820357143	20.1747992857143	5345.31	8963.04	2.9	2.73	>20.17	-0.4637	19.29	179.6	01a59672o0444o
59672.42801745	>20.14	0.0	5.683616518101648	16.293034018558053	o	>20.14	1.12	170.420820357143	20.1747992857143	5329.03	9080.84	2.88	2.69	>20.14	-0.4677	19.29	180.2	01a59672o0456o
59675.09891435	>20.09	0.0	-11.05864378182596	16.289083408365265	o	>20.09	1.0	170.420820357143	20.1747992857143	8316.3	8003.92	2.42	2.03	>20.09	-0.4127	19.18	181.6	04a59675o0310o
59675.10161715	>20.05	0.0	-1.619180060299165	16.839472627111316	o	>20.05	1.49	170.420820357143	20.1747992857143	8297.77	7964.43	2.52	2.12	>20.05	-0.4077	19.15	179.4	04a59675o0316o
59675.10658535	>20.01	0.0	-6.1136930852693805	17.322130408263245	o	>20.01	1.06	170.420820357143	20.1747992857143	8356.74	8042.66	2.58	2.2	>20.01	-0.3967	19.1	179.7	04a59675o0327o
59675.11698075	>20.03	0.0	-7.088439999690831	17.16977688814001	o	>20.03	1.2	170.420820357143	20.1747992857143	8377.74	7925.3	2.47	2.11	>20.03	-0.4067	19.16	179.8	04a59675o0350o
59679.26921965	>15.69	0.0	-363.1007220156216	1031.0267415258393	o	>15.69	1.1	170.420820357143	20.1747992857143	5185.16	1576.87	3.04	2.77	>15.69	-0.5207	14.84	191.2	01a59679o0099o
59679.43293215	>18.17	0.0	41.56586180463845	99.67735791986112	o	>18.17	1.37	170.420820357143	20.1747992857143	5411.25	9038.16	2.96	2.82	>18.17	-0.4627	17.58	171.2	01a59679o0165o
59679.43936445	>19.58	0.0	0.21140192857383186	27.27084878602431	o	>19.58	1.43	170.420820357143	20.1747992857143	5352.09	8961.84	2.83	2.7	>19.58	-0.4647	18.71	181.2	01a59679o0178o
59679.45521055	>18.39	0.0	39.79468787237971	83.2070746422485	o	>18.39	1.35	170.420820357143	20.1747992857143	5336.31	9081.29	2.84	2.73	>18.39	-0.4837	17.81	176.6	01a59679o0212o
59680.31539265	>19.53	0.0	19.82342093146186	29.034303384464344	o	>19.53	1.15	170.420820357143	20.1747992857143	4519.9	8170.39	2.95	2.73	>19.53	-0.4817	18.79	181.3	01a59680o0201o
59680.31721925	>19.55	0.0	-31.640211134661744	28.673941340787206	o	>19.55	1.13	170.420820357143	20.1747992857143	4501.26	8132.11	2.9	2.73	>19.55	-0.4857	18.76	180.8	01a59680o0205o
59680.32375725	>19.08565913455004	0.0	37.187538242685754	27.990620182666692	o	>19.08565913455004	1.09	170.420820357143	20.1747992857143	4561.75	8209.48	2.97	2.71	>19.08565913455004	-0.4817	18.79	180.9	01a59680o0219o
59680.33013845	>19.55	0.0	-32.0917595501365	28.632767502816403	o	>19.55	0.95	170.420820357143	20.1747992857143	4580.49	8090.75	2.86	2.69	>19.55	-0.4867	18.83	179.5	01a59680o0233o
59689.33880415	>20.33	0.0	-6.618995200624818	13.466231615064288	o	>20.33	1.64	170.420820357143	20.1747992857143	5308.06	3525.05	2.24	1.93	>20.33	-0.4427	19.46	182.3	02a59689o0241o
59689.34429355	>20.27	0.0	0.5790897515797165	14.12978993854508	o	>20.27	1.1	170.420820357143	20.1747992857143	5289.05	3486.58	2.25	1.95	>20.27	-0.4427	19.4	182.3	02a59689o0253o
59689.34754685	>20.24	0.0	-0.23481821990384483	14.558729634038379	o	>20.24	1.71	170.420820357143	20.1747992857143	5346.66	3566.1	2.26	1.95	>20.24	-0.4407	19.39	182.3	02a59689o0260o
59689.38305245	>20.07	0.0	-22.699131562474843	17.470012249653415	o	>20.07	0.89	170.420820357143	20.1747992857143	5356.03	3445.75	2.25	1.95	>20.07	-0.4707	19.13	183.7	02a59689o0335o
59692.33340955	>20.11	0.0	10.274482103500768	17.00603934372541	o	>20.11	1.04	170.420820357143	20.1747992857143	1040.53	6833.56	2.75	2.61	>20.11	-0.4757	19.33	182.0	01a59692o0237o
59692.33717815	>20.17	0.0	-2.1197382829133	16.074681978759187	o	>20.17	1.26	170.420820357143	20.1747992857143	1062.09	6872.89	2.72	2.6	>20.17	-0.4767	19.33	180.7	01a59692o0245o
59692.34245485	>19.67	0.0	-42.72823591750453	25.493317228090934	o	>19.67	0.8	170.420820357143	20.1747992857143	1002.33	6796.08	2.71	2.56	>19.67	-0.4827	18.53	177.3	01a59692o0255o
59692.37778785	>20.13	0.0	-3.912149216843602	16.53772168938432	o	>20.13	1.09	170.420820357143	20.1747992857143	993.93	6914.78	2.75	2.62	>20.13	-0.4727	19.3	182.8	01a59692o0328o
59695.32727905	>20.24	0.0	-9.743192255933181	15.136745111896193	o	>20.24	1.49	170.420820357143	20.1747992857143	1041.61	6834.21	2.68	2.58	>20.24	-0.4837	19.35	180.5	01a59695o0218o
59695.33053805	>19.756448970369625	0.0	21.85655389443844	15.131460388457384	o	>19.756448970369625	1.59	170.420820357143	20.1747992857143	1062.36	6874.0	2.65	2.54	>19.756448970369625	-0.4857	19.39	182.0	01a59695o0225o
59695.33767365	>20.06	0.0	-0.7265853783562972	17.80134176972928	o	>20.06	0.96	170.420820357143	20.1747992857143	1001.94	6796.28	2.68	2.57	>20.06	-0.4827	19.26	181.8	01a59695o0239o
59695.34986785	>20.17	0.0	-1.9451566614380598	16.091750562805764	o	>20.17	0.99	170.420820357143	20.1747992857143	988.8	6913.99	2.73	2.61	>20.17	-0.4747	19.33	181.4	01a59695o0264o
