MJD	m	dm	uJy	duJy	F	err	chi/N	RA	Dec	x	y	maj	min	phi	apfit	mag5sig	Sky	Obs
59195.61786195	18.91	0.12	99.33693663800327	11.47772032681193	c	18.91	1.15	170.420852727273	20.1748290909091	1048.12	6723.69	2.58	2.39	18.91	-0.4007	19.73	180.7	02a59195o0913c
59195.62328045	18.86	0.12	103.64940871909688	11.9924935708046	c	18.86	1.02	170.420852727273	20.1748290909091	1062.42	6762.96	2.66	2.44	18.86	-0.3957	19.69	181.0	02a59195o0922c
59195.62665785	18.63	0.1	128.57544258486143	11.95404114843036	c	18.63	1.18	170.420852727273	20.1748290909091	1007.68	6685.78	2.61	2.41	18.63	-0.3997	19.7	181.0	02a59195o0929c
59195.63188575	18.88	0.11	102.15450251589218	11.011459362102663	c	18.88	1.4	170.420852727273	20.1748290909091	989.67	6801.97	2.55	2.35	18.88	-0.4027	19.74	181.8	02a59195o0940c
59197.56987285	18.97	0.11	93.43643766877196	10.018579659744173	c	18.97	1.62	170.420824	20.1748053333333	7489.25	1972.17	2.42	2.26	18.97	-0.3837	19.86	179.4	01a59197o0636c
59197.57376825	18.89	0.1	101.15454380382707	9.724365757525694	c	18.89	1.15	170.420824	20.1748053333333	7469.32	1933.08	2.43	2.26	18.89	-0.3857	19.85	180.1	01a59197o0643c
59197.58373195	19.05	0.12	87.2681448486675	10.26020824448158	c	19.05	1.06	170.420824	20.1748053333333	7533.46	2014.21	2.55	2.34	19.05	-0.3707	19.78	178.4	01a59197o0663c
59197.58932375	18.83	0.09	106.20115212942174	9.580526199775091	c	18.83	1.52	170.420824	20.1748053333333	7549.91	1895.06	2.39	2.23	18.83	-0.3857	19.87	179.1	01a59197o0675c
59205.57355105	18.83	0.13	107.02876871931406	13.148497385665122	c	18.83	0.94	170.42083	20.1747973684211	2566.04	8275.12	2.87	2.29	18.83	-0.4217	19.78	178.4	01a59205o0749c
59205.57543045	18.79	0.1	110.81891462289101	11.125095717502708	c	18.79	1.14	170.42083	20.1747973684211	2547.89	8236.33	2.49	2.26	18.79	-0.3927	19.89	180.9	01a59205o0753c
59205.58143375	18.99	0.11	92.43063933747692	9.527919251578385	c	18.99	1.35	170.42083	20.1747973684211	2603.79	8310.98	2.32	2.13	18.99	-0.3857	19.93	181.0	01a59205o0766c
59205.58689195	18.79	0.11	110.81310814050815	11.382220080548061	c	18.79	1.45	170.42083	20.1747973684211	2624.6	8196.71	2.57	2.34	18.79	-0.3847	19.75	181.5	01a59205o0777c
59207.55676585	19.27	0.15	71.344536357054	10.52203593755113	c	19.27	1.15	170.420818695652	20.1747943478261	9179.32	6838.39	2.49	2.3	19.27	-0.4077	19.76	181.2	02a59207o0734c
59207.55910735	19.21	0.14	75.08399953652544	10.726285648075063	c	19.21	1.34	170.420818695652	20.1747943478261	9195.01	6878.61	2.52	2.31	19.21	-0.3997	19.73	181.9	02a59207o0739c
59207.56570155	19.3	0.14	69.11835672102215	9.80131393649854	c	19.3	1.36	170.420818695652	20.1747943478261	9143.81	6801.03	2.49	2.29	19.3	-0.4067	19.72	181.4	02a59207o0752c
59207.57073895	18.84	0.11	105.87665839974402	10.849089687875006	c	18.84	1.14	170.420818695652	20.1747943478261	9123.8	6917.59	2.52	2.33	18.84	-0.4067	19.73	181.7	02a59207o0763c
59229.60777475	19.96	0.23	37.7218272870655	8.713521507830919	c	19.96	1.44	170.420820357143	20.1747992857143	7200.1	6928.52	2.5	2.35	19.96	-0.3837	19.9	180.7	01a59229o0568c
59229.61245745	>20.2147382714485	0.0	18.702142714329177	9.928297984150056	c	>20.2147382714485	0.98	170.420820357143	20.1747992857143	7221.07	6965.62	2.58	2.39	>20.2147382714485	-0.3787	19.88	181.0	01a59229o0578c
59229.61857985	20.31	0.31	27.408994264791275	8.897695899391195	c	20.31	0.88	170.420820357143	20.1747992857143	7163.44	6888.41	2.41	2.25	20.31	-0.3867	19.95	180.4	01a59229o0591c
59229.65311225	19.94	0.22	38.54181971333745	8.830336052920979	c	19.94	1.17	170.420820357143	20.1747992857143	7153.91	7004.12	2.41	2.25	19.94	-0.3937	19.91	180.4	01a59229o0658c
59231.51167465	>20.08484400761136	0.0	25.195824518885228	11.2271549669644	c	>20.08484400761136	1.14	170.420820357143	20.1747992857143	4110.1	546.18	2.52	2.31	>20.08484400761136	-0.4067	19.79	180.8	02a59231o0650c
59231.51351755	>20.066790387413803	0.0	27.965095561166777	11.344331218209165	c	>20.066790387413803	0.84	170.420820357143	20.1747992857143	4128.89	585.37	2.54	2.32	>20.066790387413803	-0.4037	19.8	180.4	02a59231o0654c
59231.51779315	>20.10795856213723	0.0	12.29939949708104	11.004725865809352	c	>20.10795856213723	1.12	170.420820357143	20.1747992857143	4074.12	506.23	2.51	2.3	>20.10795856213723	-0.4047	19.8	179.7	02a59231o0662c
59231.52290835	20.11	0.31	32.77739264841769	10.702822089279245	c	20.11	1.39	170.420820357143	20.1747992857143	4054.54	622.87	2.54	2.34	20.11	-0.4107	19.79	180.7	02a59231o0673c
59233.48704605	>16.7	0.0	-655.0874835235901	365.7571783006711	c	>16.7	0.96	170.420820357143	20.1747992857143	4543.29	10065.7	2.94	2.31	>16.7	-0.4037	15.71	181.0	01a59233o0140c
59233.48980645	>18.0	0.0	78.28564214832116	112.05591915347932	c	>18.0	1.18	170.420820357143	20.1747992857143	4600.67	10144.4	2.76	2.19	>18.0	-0.4117	17.03	180.5	01a59233o0146c
59233.49487465	>18.02	0.0	67.1785527838459	107.48568445415343	c	>18.02	1.1	170.420820357143	20.1747992857143	4622.75	10029.2	2.86	2.65	>18.02	-0.3867	17.03	180.1	01a59233o0157c
59235.52469575	>19.78	0.0	-25.45583774162443	21.589128211251097	c	>19.78	1.03	170.420820357143	20.1747992857143	4191.03	2497.97	2.51	2.3	>19.78	-0.4077	18.74	181.7	02a59235o0669c
59235.52705445	>19.76	0.0	0.6322441831769321	21.81242431960415	c	>19.76	1.21	170.420820357143	20.1747992857143	4211.09	2534.37	2.55	2.33	>19.76	-0.4007	18.77	182.6	02a59235o0673c
59235.53027125	>19.81	0.0	-11.61695155537888	20.722129801486645	c	>19.81	1.33	170.420820357143	20.1747992857143	4154.11	2457.02	2.58	2.36	>19.81	-0.3957	18.75	182.4	02a59235o0680c
59235.53545295	>19.79	0.0	9.942407371847295	21.167706017481336	c	>19.79	1.24	170.420820357143	20.1747992857143	4136.12	2573.39	2.63	2.42	>19.79	-0.3947	18.82	181.9	02a59235o0691c
59237.61138105	>17.39757936481228	0.0	216.51335432931248	132.8408628155941	c	>17.39757936481228	1.08	170.420820357143	20.1747992857143	5952.5	440.33	2.79	2.24	>17.39757936481228	-0.3817	17.76	179.6	01a59237o0008c
59237.61460195	>19.16	0.0	-85.90925498650498	37.58529905659593	c	>19.16	0.88	170.420820357143	20.1747992857143	5974.01	480.17	2.46	2.23	>19.16	-0.3887	16.9	180.6	01a59237o0015c
59237.62058515	>16.68	0.0	282.9954167444728	367.5265152525619	c	>16.68	1.09	170.420820357143	20.1747992857143	5917.22	403.61	2.38	2.22	>16.68	-0.3817	16.12	181.1	01a59237o0028c
59253.46112475	20.06	0.28	34.26440761793101	10.163171751081233	c	20.06	1.37	170.420820357143	20.1747992857143	2460.14	6340.78	2.99	2.62	20.06	-0.3587	19.67	181.0	01a59253o0495c
59253.46389065	>20.09970669691144	0.0	24.524232790011016	11.081320001412385	c	>20.09970669691144	1.84	170.420820357143	20.1747992857143	2440.58	6302.68	3.34	2.97	>20.09970669691144	-0.3457	19.54	181.6	01a59253o0501c
59253.46665325	>20.004264675097907	0.0	25.36757063985114	12.062900723845297	c	>20.004264675097907	1.27	170.420820357143	20.1747992857143	2499.1	6379.55	3.26	3.01	>20.004264675097907	-0.3337	19.55	180.4	01a59253o0507c
59253.47181525	>20.356453327014112	0.0	17.47589122240276	8.6843385829118	c	>20.356453327014112	1.88	170.420820357143	20.1747992857143	2517.11	6261.62	2.5	2.22	>20.356453327014112	-0.4037	19.84	181.5	01a59253o0518c
59255.46378535	>20.52	0.0	3.0540944770610072	10.755724027910505	c	>20.52	1.53	170.420820357143	20.1747992857143	1124.72	8670.29	2.56	2.33	>20.52	-0.3957	19.8	181.0	02a59255o0533c
59255.46607225	>20.41	0.0	1.8725600843951824	11.904131965083662	c	>20.41	1.32	170.420820357143	20.1747992857143	1144.03	8709.66	2.57	2.34	>20.41	-0.3947	19.79	179.9	02a59255o0538c
59255.46981455	>20.151751903146252	0.0	31.103971941434725	10.543719302181264	c	>20.151751903146252	1.64	170.420820357143	20.1747992857143	1085.43	8630.56	2.57	2.31	>20.151751903146252	-0.3947	19.79	180.8	02a59255o0546c
59255.47510665	>20.096833171218524	0.0	28.583359872446454	11.072833103740518	c	>20.096833171218524	1.25	170.420820357143	20.1747992857143	1062.31	8748.69	2.51	2.3	>20.096833171218524	-0.3987	19.77	180.9	02a59255o0557c
59257.50391135	>20.063152771115483	0.0	13.56119166420008	11.426559642983397	c	>20.063152771115483	1.28	170.420820357143	20.1747992857143	9243.89	8771.62	2.66	2.54	>20.063152771115483	-0.3717	19.73	180.3	01a59257o0634c
59257.50722675	>20.273877696554315	0.0	16.648187944572207	9.433973168590917	c	>20.273877696554315	1.1	170.420820357143	20.1747992857143	9265.62	8809.32	2.5	2.38	>20.273877696554315	-0.3777	19.83	181.2	01a59257o0641c
59257.53170885	>20.30259516882726	0.0	19.08379163158313	9.172872220705703	c	>20.30259516882726	1.18	170.420820357143	20.1747992857143	9213.2	8725.87	2.42	2.31	>20.30259516882726	-0.3867	19.87	181.3	01a59257o0690c
59257.53788295	>20.322781360694382	0.0	17.065236656000614	8.992460034299725	c	>20.322781360694382	1.21	170.420820357143	20.1747992857143	9196.37	8842.0	2.4	2.27	>20.322781360694382	-0.3807	19.86	179.7	01a59257o0703c
59261.43564685	>20.43	0.0	1.596316563557929	11.542596690341949	c	>20.43	1.99	170.420820357143	20.1747992857143	1310.47	1784.47	2.56	2.38	>20.43	-0.3827	19.73	179.0	01a59261o0473c
59261.43796335	>20.56	0.0	-1.671854231712782	10.344598058722841	c	>20.56	1.15	170.420820357143	20.1747992857143	1289.07	1745.27	2.4	2.26	>20.56	-0.3877	19.81	181.2	01a59261o0478c
59261.44316775	>20.64	0.0	5.018553790836582	9.627429721196707	c	>20.64	1.24	170.420820357143	20.1747992857143	1349.25	1821.84	2.39	2.27	>20.64	-0.3877	19.84	181.2	01a59261o0489c
59261.46015955	>20.65	0.0	-9.456539130075274	9.549250298017188	c	>20.65	1.62	170.420820357143	20.1747992857143	1369.05	1704.53	2.28	2.15	>20.65	-0.3927	19.9	180.8	01a59261o0522c
59263.52538915	>18.27	0.0	-46.67268439613764	86.30043529851865	c	>18.27	0.89	170.420820357143	20.1747992857143	4388.67	6226.73	2.55	2.32	>18.27	-0.4037	17.53	179.4	02a59263o0382c
59263.52837165	>18.85	0.0	16.546425227323798	50.32871006644322	c	>18.85	1.09	170.420820357143	20.1747992857143	4374.05	6191.03	2.49	2.28	>18.85	-0.3987	17.83	181.0	02a59263o0388c
59263.53359535	>17.686677118008827	0.0	221.35592257491257	102.16427195765198	c	>17.686677118008827	1.0	170.420820357143	20.1747992857143	4432.01	6266.98	2.54	2.31	>17.686677118008827	-0.4077	17.09	181.5	02a59263o0399c
59267.66739735	>17.951483293333734	0.0	112.46050149130667	79.6682804957107	c	>17.951483293333734	0.95	170.420820357143	20.1747992857143	335.36	9842.36	3.03	2.85	>17.951483293333734	-0.3657	17.48	188.3	02a59267o0912c
59267.66831205	>18.24	0.0	48.841964019393046	86.20314765175745	c	>18.24	1.03	170.420820357143	20.1747992857143	10328.3	9881.44	2.97	2.79	>18.24	-0.3687	17.44	182.7	02a59267o0914c
59287.37426305	>18.17	0.0	78.16393087992878	98.73338637464688	c	>18.17	1.33	170.420820357143	20.1747992857143	5284.45	7046.72	2.63	2.41	>18.17	-0.4527	17.26	180.6	02a59287o0314c
59287.37621315	>19.28	0.0	8.344962903036548	35.83425246598046	c	>19.28	0.84	170.420820357143	20.1747992857143	5304.04	7085.1	2.66	2.46	>19.28	-0.4557	18.38	178.3	02a59287o0318c
59287.37943165	>18.66	0.0	-79.36515260624783	65.5223934307395	c	>18.66	0.86	170.420820357143	20.1747992857143	5246.13	7007.66	2.75	2.56	>18.66	-0.4967	17.81	177.1	02a59287o0325c
59287.38549015	>18.77	0.0	21.311200100431908	54.165966921931094	c	>18.77	1.21	170.420820357143	20.1747992857143	5226.39	7121.79	2.79	2.54	>18.77	-0.3977	17.77	181.8	02a59287o0338c
59291.38159825	None	None	None	None	c	None	None	170.420820357143	20.1747992857143	None	None	None	None	None	-0.4027	19.75	None	02a59291o0119c
59291.38617415	>19.765896407409418	0.0	15.374911460321234	14.973826813530245	c	>19.765896407409418	0.98	170.420820357143	20.1747992857143	7957.37	338.09	2.55	2.34	>19.765896407409418	-0.4017	19.75	177.5	02a59291o0129c
59291.38901915	>19.881332540703557	0.0	22.114357799506823	13.521350197412744	c	>19.881332540703557	1.12	170.420820357143	20.1747992857143	7976.95	377.46	2.48	2.27	>19.881332540703557	-0.4037	19.82	178.7	02a59291o0135c
59291.38947675	None	None	None	None	c	None	None	170.420820357143	20.1747992857143	None	None	None	None	None	-0.4037	19.79	None	02a59291o0136c
59291.39131765	>17.73	0.0	135.21692915255673	142.28050007843657	c	>17.73	0.47	170.420820357143	20.1747992857143	8532.19	10520.2	2.48	2.27	>17.73	-0.4007	19.77	23.9	02a59291o0140c
59291.39223225	>19.883184606613195	0.0	22.235908031112857	13.448064138577235	c	>19.883184606613195	1.05	170.420820357143	20.1747992857143	7919.99	298.88	2.44	2.44	>19.883184606613195	-0.3997	19.75	177.7	02a59291o0142c
59291.41781055	>20.57	0.0	4.917884955326886	10.353442011214497	c	>20.57	1.61	170.420820357143	20.1747992857143	2687.53	10149.7	2.52	2.29	>20.57	-0.4027	19.76	182.4	02a59291o0195c
59309.37647395	>20.362589250069888	0.0	11.624564250386554	8.694001834322718	c	>20.362589250069888	1.53	170.420820357143	20.1747992857143	7280.4	8888.61	2.4	2.17	>20.362589250069888	-0.3977	19.98	180.0	01a59309o0193c
59309.37980115	>20.241996538456064	0.0	14.531616275969341	9.647039376483846	c	>20.241996538456064	1.45	170.420820357143	20.1747992857143	7301.1	8926.17	2.67	2.47	>20.241996538456064	-0.3817	19.82	180.0	01a59309o0200c
59309.41178855	>20.85	0.0	7.302099205207087	7.957415800546184	c	>20.85	1.44	170.420820357143	20.1747992857143	7246.75	8842.59	2.33	2.15	>20.85	-0.3907	20.02	180.0	01a59309o0226c
59309.43970855	>20.275330877686386	0.0	17.53581708881167	9.390147215299153	c	>20.275330877686386	0.97	170.420820357143	20.1747992857143	7233.33	8956.02	2.58	2.34	>20.275330877686386	-0.3837	19.91	180.0	01a59309o0284c
59313.38101695	>20.69	0.0	4.9196816559671666	9.260577234761726	c	>20.69	1.28	170.420820357143	20.1747992857143	2287.54	4556.08	2.37	2.17	>20.69	-0.3957	19.98	181.1	01a59313o0347c
59313.39194835	>20.73	0.0	2.083776014154365	8.903406605932286	c	>20.73	1.33	170.420820357143	20.1747992857143	2310.17	4590.99	2.34	2.16	>20.73	-0.3957	19.98	180.8	01a59313o0370c
59313.39620395	>20.234194731683782	0.0	24.36974603441914	9.728633792396574	c	>20.234194731683782	1.19	170.420820357143	20.1747992857143	2251.38	4513.68	2.36	2.17	>20.234194731683782	-0.3977	19.98	179.9	01a59313o0379c
59313.40789265	>20.242510097586166	0.0	19.963873003533802	9.685443338348083	c	>20.242510097586166	1.1	170.420820357143	20.1747992857143	2236.01	4626.31	2.36	2.2	>20.242510097586166	-0.3977	19.95	180.9	01a59313o0403c
59321.37476525	>20.57	0.0	6.888441714765402	10.151387790180591	c	>20.57	1.26	170.420820357143	20.1747992857143	3980.78	652.08	2.69	2.46	>20.57	-0.3797	19.86	182.2	01a59321o0293c
59339.41617125	>16.61	0.0	30.71205985947878	399.2567781732241	c	>16.61	1.22	170.420820357143	20.1747992857143	4541.47	10127.0	2.58	2.32	>16.61	-0.4067	15.82	183.1	02a59339o0080c
59339.41939375	>17.64895838040047	0.0	206.38889687044232	105.19176034041898	c	>17.64895838040047	1.11	170.420820357143	20.1747992857143	4522.28	10087.0	2.56	2.33	>17.64895838040047	-0.3997	16.87	181.3	02a59339o0087c
59339.42450045	>18.61980594248631	0.0	108.06130617891829	43.31382933617799	c	>18.61980594248631	1.06	170.420820357143	20.1747992857143	4580.9	10164.8	2.55	2.33	>18.61980594248631	-0.4007	18.16	182.6	02a59339o0098c
59339.45965645	>19.540895625830043	0.0	20.992098696010423	18.38977241138103	c	>19.540895625830043	1.39	170.420820357143	20.1747992857143	4597.84	10045.2	2.59	2.31	>19.540895625830043	-0.4027	19.28	185.4	02a59339o0172c
59343.30441835	>20.44	0.0	11.364306502143705	11.738953969247346	c	>20.44	1.73	170.420820357143	20.1747992857143	4557.63	10132.7	2.44	2.22	>20.44	-0.4107	19.79	181.9	02a59343o0143c
59343.30779745	>20.36	0.0	1.1793058666348835	12.71029656262041	c	>20.36	1.32	170.420820357143	20.1747992857143	4538.98	10093.7	2.49	2.27	>20.36	-0.4107	19.75	181.1	02a59343o0150c
59343.31417575	>20.39	0.0	6.456965244710365	12.397373269843902	c	>20.39	1.45	170.420820357143	20.1747992857143	4596.71	10172.8	2.48	2.24	>20.39	-0.4137	19.76	182.0	02a59343o0163c
59343.32658985	>20.37	0.0	-20.50859627066899	12.540288165504604	c	>20.37	1.46	170.420820357143	20.1747992857143	4615.07	10052.0	2.48	2.27	>20.37	-0.4077	19.71	182.4	02a59343o0189c
59347.32237985	>20.107987515741833	0.0	18.071666319515156	10.98201260955152	c	>20.107987515741833	1.2	170.420820357143	20.1747992857143	6317.72	6148.01	2.55	2.33	>20.107987515741833	-0.3997	19.63	181.1	02a59347o0197c
59347.32786845	>20.48	0.0	7.646138658313776	11.26799381225188	c	>20.48	1.22	170.420820357143	20.1747992857143	6299.72	6107.17	2.51	2.28	>20.48	-0.3987	19.66	181.1	02a59347o0209c
59347.33570245	>20.52	0.0	5.820179845220712	10.82824157250365	c	>20.52	1.5	170.420820357143	20.1747992857143	6357.75	6186.65	2.51	2.29	>20.52	-0.3997	19.67	182.1	02a59347o0226c
59347.33936245	>20.51	0.0	-13.155752052130634	10.963126710108863	c	>20.51	1.77	170.420820357143	20.1747992857143	6376.55	6070.02	2.51	2.31	>20.51	-0.4027	19.66	181.6	02a59347o0234c
59369.29387455	>20.14561104159259	0.0	20.495220666122673	10.575159521789326	c	>20.14561104159259	1.01	170.420820357143	20.1747992857143	10297.5	4551.07	2.25	2.06	>20.14561104159259	-0.3927	19.78	179.5	01a59369o0127c
59369.29710685	>20.22738380886318	0.0	22.543617744616522	9.838951812269075	c	>20.22738380886318	1.41	170.420820357143	20.1747992857143	10317.5	4589.85	2.25	2.07	>20.22738380886318	-0.3927	19.8	180.3	01a59369o0134c
59369.29802965	>20.49	0.0	-2.9065591347152373	11.157436678423007	c	>20.49	1.12	170.420820357143	20.1747992857143	355.53	4617.63	2.23	2.05	>20.49	-0.3987	19.85	181.3	01a59369o0136c
59369.30172455	>20.55	0.0	-1.838900366289874	10.452696818910862	c	>20.55	1.23	170.420820357143	20.1747992857143	375.13	4656.91	2.25	2.08	>20.55	-0.3927	19.81	181.1	01a59369o0144c
59369.30726835	>20.16962537071963	0.0	22.710925465405424	10.357702408908752	c	>20.16962537071963	0.95	170.420820357143	20.1747992857143	10258.1	4514.56	2.24	2.04	>20.16962537071963	-0.4007	19.78	179.7	01a59369o0156c
59369.31188655	>20.6	0.0	-4.054207618934558	10.088377098279016	c	>20.6	1.48	170.420820357143	20.1747992857143	315.3	4577.81	2.26	2.07	>20.6	-0.4007	19.84	179.7	01a59369o0166c
59369.31326585	>20.19189641306355	0.0	16.666770113964752	10.185248402978461	c	>20.19189641306355	1.37	170.420820357143	20.1747992857143	10238.0	4631.71	2.22	2.06	>20.19189641306355	-0.3937	19.79	179.5	01a59369o0169c
59369.31975405	>20.63	0.0	-12.006369476343727	9.724167013898228	c	>20.63	1.29	170.420820357143	20.1747992857143	298.9	4692.5	2.32	2.13	>20.63	-0.3927	19.82	179.7	01a59369o0183c
59373.29129035	>20.187736687159745	0.0	12.421580376766002	10.138201631036956	c	>20.187736687159745	1.01	170.420820357143	20.1747992857143	10299.6	4551.41	2.31	2.06	>20.187736687159745	-0.4007	19.84	179.6	01a59373o0118c
59373.29499785	>20.18013162270004	0.0	26.715694206450618	10.223334245067745	c	>20.18013162270004	1.22	170.420820357143	20.1747992857143	10319.3	4590.57	2.37	2.13	>20.18013162270004	-0.3937	19.83	180.8	01a59373o0126c
59373.30099485	>20.59	0.0	1.0674424464987993	10.22965677894683	c	>20.59	0.86	170.420820357143	20.1747992857143	10261.0	4514.48	2.26	2.03	>20.59	-0.4057	19.86	180.2	01a59373o0139c
59373.30514245	>20.216782475663273	0.0	10.383125128859202	9.91959275703513	c	>20.216782475663273	1.24	170.420820357143	20.1747992857143	360.54	4614.75	2.32	2.08	>20.216782475663273	-0.4017	19.87	179.9	01a59373o0148c
59373.30836675	>20.59	0.0	2.918822703248423	10.30172718793561	c	>20.59	0.93	170.420820357143	20.1747992857143	377.74	4654.12	2.23	1.98	>20.59	-0.4107	19.92	181.2	01a59373o0155c
59373.31346855	>20.61	0.0	-7.547509451360111	9.96658299346271	c	>20.61	1.24	170.420820357143	20.1747992857143	10240.4	4632.19	2.35	2.11	>20.61	-0.4007	19.8	181.8	01a59373o0166c
59373.31531555	>20.61	0.0	-6.064896890017464	9.983753342028749	c	>20.61	1.42	170.420820357143	20.1747992857143	319.24	4574.42	2.32	2.08	>20.61	-0.4027	19.86	180.0	01a59373o0170c
59373.32550805	>20.61	0.0	7.377141040091794	10.051354667125068	c	>20.61	1.09	170.420820357143	20.1747992857143	298.44	4690.35	2.32	2.02	>20.61	-0.4107	19.87	180.6	01a59373o0192c
59377.24853745	>20.13	0.0	6.2811856212439	15.093595298809966	c	>20.13	1.3	170.420820357143	20.1747992857143	5268.16	7046.24	2.37	2.17	>20.13	-0.3697	19.16	178.3	01a59377o0025c
59377.25223585	>19.986767060796907	0.0	16.777663423008654	12.271662389400618	c	>19.986767060796907	0.92	170.420820357143	20.1747992857143	5289.87	7085.5	2.36	2.2	>19.986767060796907	-0.3787	19.51	181.4	01a59377o0033c
59377.25873615	>20.141291932361252	0.0	15.754434268169174	10.660186061695311	c	>20.141291932361252	1.05	170.420820357143	20.1747992857143	5231.84	7008.25	2.35	2.17	>20.141291932361252	-0.3817	19.79	181.5	01a59377o0047c
59377.28481705	>20.221369103244875	0.0	19.350682470286177	9.840731683607075	c	>20.221369103244875	1.6	170.420820357143	20.1747992857143	5215.43	7123.39	2.18	1.98	>20.221369103244875	-0.4037	19.95	178.6	01a59377o0102c
59403.25348395	>18.97	0.0	-10.947961963811816	45.981440248009626	c	>18.97	0.97	170.420820357143	20.1747992857143	1407.36	3733.47	2.62	2.31	>18.97	-0.4167	17.87	180.8	02a59403o0022c
59403.25669255	>19.51	0.0	-23.469711116447687	27.62890042822323	c	>19.51	1.11	170.420820357143	20.1747992857143	1388.96	3694.2	2.64	2.32	>19.51	-0.4107	18.54	180.0	02a59403o0029c
59403.26218545	>19.56715263986803	0.0	20.890900674171892	18.029133458531906	c	>19.56715263986803	1.1	170.420820357143	20.1747992857143	1448.52	3769.38	2.58	2.27	>19.56715263986803	-0.4077	19.07	180.3	02a59403o0041c
59403.27366155	>20.18	0.0	10.90048077557482	14.877683220716982	c	>20.18	1.46	170.420820357143	20.1747992857143	1467.68	3652.44	2.58	2.29	>20.18	-0.4077	19.29	179.7	02a59403o0066c
59527.61013145	>19.5	0.0	-55.67991497887066	27.83995748943533	c	>19.5	1.11	170.420820357143	20.1747992857143	2173.89	621.29	2.8	2.4	>19.5	-0.4087	18.5	181.9	02a59527o0892c
59527.61380625	>19.32	0.0	-8.964404084435577	33.056240061356185	c	>19.32	1.19	170.420820357143	20.1747992857143	2193.28	660.73	2.78	2.39	>19.32	-0.4097	18.2	182.2	02a59527o0900c
59527.62162595	>19.323839990004057	0.0	36.23267245404059	22.513505214161142	c	>19.323839990004057	1.27	170.420820357143	20.1747992857143	2133.57	579.72	2.71	2.46	>19.323839990004057	-0.4067	18.69	182.7	02a59527o0917c
59527.63968085	>19.88	0.0	6.754431775660599	19.48393781440557	c	>19.88	1.5	170.420820357143	20.1747992857143	2114.41	695.57	2.77	2.38	>19.88	-0.3957	18.88	184.0	02a59527o0955c
59587.53244225	>20.56	0.0	-3.327906099878406	10.588792135976744	c	>20.56	1.12	170.420820357143	20.1747992857143	6104.07	2398.14	2.54	2.33	>20.56	-0.4177	19.64	181.8	02a59587o0730c
59587.53427215	>20.132046884880936	0.0	26.690679306061696	10.67627172242468	c	>20.132046884880936	1.11	170.420820357143	20.1747992857143	6122.78	2436.99	2.52	2.3	>20.132046884880936	-0.4177	19.66	181.1	02a59587o0734c
59587.53702185	>20.53	0.0	-9.987092203288261	10.895009676314467	c	>20.53	1.06	170.420820357143	20.1747992857143	6065.91	2360.16	2.53	2.34	>20.53	-0.4187	19.64	181.0	02a59587o0740c
59587.54207625	>20.59	0.0	0.7688410748687594	10.302470403241376	c	>20.59	1.25	170.420820357143	20.1747992857143	6046.68	2477.47	2.56	2.35	>20.59	-0.4197	19.62	182.2	02a59587o0751c
59609.02428545	>19.943412866308375	0.0	15.999092409615503	12.752899746794965	c	>19.943412866308375	1.55	170.420820357143	20.1747992857143	6300.09	6157.8	2.94	2.55	>19.943412866308375	-0.3857	19.41	181.8	03a59609o0551c
59609.02701885	>20.32	0.0	-6.863730039226389	12.841817492746147	c	>20.32	1.37	170.420820357143	20.1747992857143	6280.65	6118.69	2.86	2.51	>20.32	-0.3847	19.41	181.6	03a59609o0557c
59609.03206895	>19.816280037772753	0.0	18.485071694990264	14.29512211079247	c	>19.816280037772753	1.26	170.420820357143	20.1747992857143	6336.88	6196.38	3.05	2.62	>19.816280037772753	-0.3867	19.35	182.1	03a59609o0568c
59609.05874275	>20.28	0.0	4.302471569026832	13.413587832848357	c	>20.28	1.33	170.420820357143	20.1747992857143	4140.02	4483.82	3.12	2.63	>20.28	-0.3897	19.36	182.0	03a59609o0626c
59613.49178335	>20.64	0.0	0.8285495804373163	9.804503368508245	c	>20.64	1.24	170.420820357143	20.1747992857143	7287.67	8893.72	2.53	2.32	>20.64	-0.4107	19.74	180.8	02a59613o0635c
59613.49361225	>20.109188657255167	0.0	23.144457601415134	10.955956261024918	c	>20.109188657255167	0.99	170.420820357143	20.1747992857143	7307.8	8932.13	2.51	2.3	>20.109188657255167	-0.4187	19.72	181.9	02a59613o0639c
59613.49637935	>20.63	0.0	9.597735555482993	9.997641203628117	c	>20.63	1.38	170.420820357143	20.1747992857143	7249.7	8855.53	2.48	2.27	>20.63	-0.4177	19.75	181.5	02a59613o0645c
59613.50238665	>20.64	0.0	-12.47055663274879	9.866814039097944	c	>20.64	1.66	170.420820357143	20.1747992857143	7230.98	8974.46	2.51	2.31	>20.64	-0.4167	19.75	181.9	02a59613o0657c
59614.48392205	>20.51	0.0	-5.48049946915238	11.094669657064577	c	>20.51	1.29	170.420820357143	20.1747992857143	7292.21	8893.82	2.48	2.27	>20.51	-0.4187	19.69	180.1	02a59614o0603c
59614.48667555	>20.61	0.0	-19.03783652143305	10.118011018383998	c	>20.61	1.27	170.420820357143	20.1747992857143	7312.27	8933.11	2.47	2.27	>20.61	-0.4187	19.7	181.5	02a59614o0609c
59614.48987495	>20.203253565256357	0.0	22.05104712209717	10.023203237316894	c	>20.203253565256357	1.23	170.420820357143	20.1747992857143	7252.86	8855.48	2.48	2.28	>20.203253565256357	-0.4157	19.7	180.7	02a59614o0616c
59614.49498975	>20.12245859175234	0.0	17.189817504627634	10.793606340115025	c	>20.12245859175234	0.91	170.420820357143	20.1747992857143	7234.0	8973.27	2.47	2.27	>20.12245859175234	-0.4207	19.76	182.2	02a59614o0627c
59616.99607775	>20.21	0.0	4.252617105870383	14.324604988194979	c	>20.21	1.28	170.420820357143	20.1747992857143	2461.74	6261.8	2.75	2.4	>20.21	-0.3927	19.34	180.6	03a59617o0486c
59616.99882245	>20.21	0.0	-22.865498287659076	14.346979317746873	c	>20.21	1.26	170.420820357143	20.1747992857143	2444.69	6223.37	2.78	2.38	>20.21	-0.3927	19.33	180.6	03a59617o0492c
59617.00432935	>20.25	0.0	-33.93266451319714	13.791986221493028	c	>20.25	1.45	170.420820357143	20.1747992857143	2501.08	6301.75	2.74	2.38	>20.25	-0.3927	19.35	180.9	03a59617o0504c
59617.01670705	>20.29	0.0	-5.608219092696154	13.419667114665799	c	>20.29	1.35	170.420820357143	20.1747992857143	2525.89	6187.73	2.6	2.28	>20.29	-0.3977	19.4	180.0	03a59617o0531c
59617.44587195	>20.015958683885604	0.0	17.091748674729768	11.94763014155867	c	>20.015958683885604	1.42	170.420820357143	20.1747992857143	7290.16	8893.4	2.74	2.56	>20.015958683885604	-0.4037	19.61	181.0	02a59617o0516c
59617.44908085	>19.999915627894907	0.0	30.060184372805715	12.159175701359613	c	>19.999915627894907	1.31	170.420820357143	20.1747992857143	7310.0	8932.86	2.77	2.57	>19.999915627894907	-0.4077	19.59	180.4	02a59617o0523c
59617.45229095	>20.096910678798125	0.0	17.16019990471752	11.03155708160412	c	>20.096910678798125	1.26	170.420820357143	20.1747992857143	7250.24	8855.12	2.63	2.44	>20.096910678798125	-0.4157	19.68	181.2	02a59617o0530c
59617.45779325	>20.51	0.0	-20.69966570467631	10.938847730113494	c	>20.51	1.29	170.420820357143	20.1747992857143	7229.41	8973.02	2.77	2.58	>20.51	-0.4027	19.59	181.1	02a59617o0542c
59618.54325155	>20.55	0.0	8.516370960404052	10.608111196292764	c	>20.55	1.48	170.420820357143	20.1747992857143	8249.9	6049.49	2.64	2.41	>20.55	-0.4067	19.67	181.7	02a59618o0735c
59618.54646005	>20.26346158207049	0.0	19.465683018523297	9.522780181723627	c	>20.26346158207049	2.1	170.420820357143	20.1747992857143	8230.52	6011.64	2.55	2.33	>20.26346158207049	-0.4117	19.72	181.9	02a59618o0742c
59618.55166055	>20.5	0.0	-2.910619294540145	11.205884283979556	c	>20.5	1.34	170.420820357143	20.1747992857143	8289.37	6092.78	2.58	2.38	>20.5	-0.4147	19.72	181.6	02a59618o0753c
59618.57873635	>20.172984967354733	0.0	16.631650465152852	10.34237087749001	c	>20.172984967354733	0.97	170.420820357143	20.1747992857143	8303.35	5974.89	2.51	2.33	>20.172984967354733	-0.4207	19.75	181.4	02a59618o0809c
59636.40458345	>20.62	0.0	-7.969466075144966	10.035623946478847	c	>20.62	1.33	170.420820357143	20.1747992857143	4191.38	2501.05	2.59	2.38	>20.62	-0.4187	19.67	182.6	02a59636o0419c
59636.40687475	>20.58	0.0	-3.5192223582621773	10.411032809858943	c	>20.58	1.38	170.420820357143	20.1747992857143	4209.53	2539.43	2.59	2.38	>20.58	-0.4127	19.66	182.0	02a59636o0424c
59636.41302805	>20.58	0.0	4.171658139160418	10.357220207570698	c	>20.58	1.16	170.420820357143	20.1747992857143	4155.19	2459.96	2.56	2.36	>20.58	-0.4157	19.65	181.8	02a59636o0437c
59636.42034485	>20.49	0.0	-1.4663426492759024	11.290838399424448	c	>20.49	1.38	170.420820357143	20.1747992857143	4136.68	2575.82	2.59	2.38	>20.49	-0.4167	19.67	181.5	02a59636o0453c
59637.48957565	>20.46	0.0	-9.750257042399506	11.426082471561918	c	>20.46	1.01	170.420820357143	20.1747992857143	6389.32	8062.99	2.67	2.45	>20.46	-0.4007	19.63	181.5	02a59637o0581c
59637.49293705	>20.026140654642816	0.0	20.492431060787933	11.803640291013851	c	>20.026140654642816	1.4	170.420820357143	20.1747992857143	6370.02	8026.35	2.79	2.53	>20.026140654642816	-0.3967	19.58	181.1	02a59637o0588c
59637.49882985	19.87	0.26	41.048350817601104	11.16961927009554	c	19.87	1.09	170.420820357143	20.1747992857143	6427.04	8102.36	2.54	2.33	19.87	-0.4127	19.66	182.3	02a59637o0600c
59637.50896275	>20.46	0.0	0.4595760051514153	11.489400128785382	c	>20.46	1.09	170.420820357143	20.1747992857143	6447.26	7990.71	2.67	2.45	>20.46	-0.4037	19.61	181.8	02a59637o0621c
59638.43259825	>20.192476687284874	0.0	18.450742218814543	10.090249650914204	c	>20.192476687284874	1.56	170.420820357143	20.1747992857143	4197.64	2502.01	2.57	2.36	>20.192476687284874	-0.4167	19.66	182.3	02a59638o0485c
59638.43443705	>20.6	0.0	-17.95498774835369	10.259992999059254	c	>20.6	1.02	170.420820357143	20.1747992857143	4216.31	2540.93	2.56	2.34	>20.6	-0.4167	19.7	181.2	02a59638o0489c
59638.44145615	>20.51	0.0	-13.132029405366415	11.111717189156197	c	>20.51	1.04	170.420820357143	20.1747992857143	4160.46	2463.11	2.58	2.36	>20.51	-0.4157	19.67	181.1	02a59638o0504c
59638.46538145	>20.6	0.0	0.9839956168134435	10.261668575340195	c	>20.6	1.25	170.420820357143	20.1747992857143	4143.74	2583.36	2.53	2.34	>20.6	-0.4197	19.72	182.6	02a59638o0553c
59640.38612225	>20.53	0.0	-11.047947678830278	11.047947678830278	c	>20.53	1.77	170.420820357143	20.1747992857143	4189.77	2497.35	2.44	2.24	>20.53	-0.4277	19.67	181.3	02a59640o0360c
59640.40116815	>20.54	0.0	8.169157278618075	10.842699660711263	c	>20.54	1.51	170.420820357143	20.1747992857143	4214.72	2538.38	2.56	2.34	>20.54	-0.4217	19.63	182.0	02a59640o0387c
59640.40536495	>20.5	0.0	5.086223500199709	11.302718889332686	c	>20.5	0.95	170.420820357143	20.1747992857143	4157.98	2459.93	2.49	2.28	>20.5	-0.4267	19.71	181.1	02a59640o0395c
59640.41134165	>20.59	0.0	-1.9298800969031378	10.33864337626681	c	>20.59	1.11	170.420820357143	20.1747992857143	4138.53	2575.84	2.46	2.26	>20.59	-0.4237	19.72	180.9	02a59640o0407c
59641.40698885	>20.58	0.0	-12.255412763412053	10.393831077830475	c	>20.58	1.55	170.420820357143	20.1747992857143	4199.96	2505.45	2.69	2.44	>20.58	-0.4107	19.58	181.7	02a59641o0011c
59641.40972965	>20.55	0.0	-11.71591191443023	10.65082901311839	c	>20.55	1.21	170.420820357143	20.1747992857143	4218.58	2544.99	2.67	2.42	>20.55	-0.4077	19.61	181.9	02a59641o0017c
59641.41253195	>20.58	0.0	-0.4245892989910674	10.331672942115974	c	>20.58	1.48	170.420820357143	20.1747992857143	4159.84	2467.27	2.57	2.33	>20.58	-0.4117	19.67	180.5	02a59641o0023c
59641.41782205	>20.55	0.0	-8.886288379836556	10.719966934406003	c	>20.55	1.31	170.420820357143	20.1747992857143	4140.36	2583.97	2.57	2.32	>20.55	-0.4137	19.67	181.4	02a59641o0034c
59644.48338525	>19.301381098830813	0.0	31.928169899666035	23.040947350274458	c	>19.301381098830813	0.84	170.420820357143	20.1747992857143	8317.04	7989.09	2.46	2.26	>19.301381098830813	-0.4537	18.9	179.4	02a59644o0464c
59644.48638335	>19.426290139465234	0.0	37.22048321978772	20.471265770883246	c	>19.426290139465234	0.86	170.420820357143	20.1747992857143	8297.85	7949.97	2.39	2.19	>19.426290139465234	-0.4557	18.95	181.9	02a59644o0470c
59644.49179585	>19.93	0.0	6.8902786035642585	19.731252364752194	c	>19.93	1.08	170.420820357143	20.1747992857143	8355.72	8027.88	2.4	2.19	>19.93	-0.4597	18.95	181.1	02a59644o0481c
59644.50197965	>19.85	0.0	19.37280248135531	21.247589818260657	c	>19.85	1.32	170.420820357143	20.1747992857143	8374.69	7912.48	2.39	2.19	>19.85	-0.4607	18.96	181.6	02a59644o0502c
59645.40373765	>18.76660530900822	0.0	76.71736862566773	37.76855070802103	c	>18.76660530900822	0.7	170.420820357143	20.1747992857143	2267.14	2579.51	2.46	2.18	>18.76660530900822	-0.4347	18.16	178.8	02a59645o0380c
59645.40675925	>18.69	0.0	-139.21820698309745	60.57586105371416	c	>18.69	0.95	170.420820357143	20.1747992857143	2286.09	2617.2	2.51	2.21	>18.69	-0.4357	17.52	181.5	02a59645o0386c
59645.41249565	>19.009783884306767	0.0	52.85857589827277	30.066345923788177	c	>19.009783884306767	1.01	170.420820357143	20.1747992857143	2230.63	2539.33	2.51	2.18	>19.009783884306767	-0.4317	18.4	178.8	02a59645o0397c
59646.40363405	>20.11	0.0	-6.634271654475166	16.330514841785025	c	>20.11	1.33	170.420820357143	20.1747992857143	2265.88	2578.71	2.41	2.19	>20.11	-0.4347	19.07	180.7	02a59646o0382c
59646.40668485	>20.01	0.0	-29.00477535528355	18.022384686778125	c	>20.01	1.21	170.420820357143	20.1747992857143	2282.98	2619.99	2.41	2.18	>20.01	-0.4407	18.99	180.9	02a59646o0388c
59646.40962455	>20.01	0.0	-8.961054363462276	17.922108726924552	c	>20.01	1.63	170.420820357143	20.1747992857143	2225.36	2540.6	2.43	2.19	>20.01	-0.4387	18.99	180.2	02a59646o0394c
59646.42423135	>20.09	0.0	-10.796796692886847	16.590199796387108	c	>20.09	1.4	170.420820357143	20.1747992857143	2215.26	2655.32	2.49	2.22	>20.09	-0.4317	19.08	181.5	02a59646o0423c
59662.43052745	>18.16	0.0	-47.69358485606476	96.64226405044701	c	>18.16	1.03	170.420820357143	20.1747992857143	4393.59	6221.45	2.46	2.25	>18.16	-0.4147	17.15	179.4	02a59662o0213c
59662.43338605	>18.15	0.0	95.94979627115109	96.95979412663688	c	>18.15	0.99	170.420820357143	20.1747992857143	4374.5	6183.15	2.51	2.32	>18.15	-0.4137	17.42	181.0	02a59662o0219c
59662.43626305	>18.48	0.0	-54.16931694879187	71.6946841969304	c	>18.48	1.11	170.420820357143	20.1747992857143	4432.1	6261.4	2.51	2.31	>18.48	-0.4107	17.66	181.4	02a59662o0225c
59662.43946225	>18.47	0.0	-33.881140842679535	72.22032653308007	c	>18.47	1.08	170.420820357143	20.1747992857143	4451.47	6146.22	2.44	2.27	>18.47	-0.4137	17.49	180.9	02a59662o0232c
59664.44949395	>20.3	0.0	7.500984748949853	13.126723310662241	c	>20.3	1.12	170.420820357143	20.1747992857143	4446.12	6145.3	2.81	2.52	>20.3	-0.3927	19.48	179.4	02a59664o0269c
59664.45863875	>19.92265748460466	0.0	19.641333341296775	13.031269236052669	c	>19.92265748460466	1.32	170.420820357143	20.1747992857143	4367.45	6185.08	2.93	2.67	>19.92265748460466	-0.3897	19.46	179.9	02a59664o0289c
59664.46279885	>19.880756251918218	0.0	14.642187387927581	13.55758091474776	c	>19.880756251918218	1.39	170.420820357143	20.1747992857143	4423.99	6262.58	2.95	2.55	>19.880756251918218	-0.3847	19.47	179.8	02a59664o0298c
59664.47513145	>19.840391920565573	0.0	32.25215065586809	14.037205466802693	c	>19.840391920565573	1.11	170.420820357143	20.1747992857143	4442.86	6147.88	2.72	2.51	>19.840391920565573	-0.4027	19.45	180.3	02a59664o0323c
59665.35830395	>20.49	0.0	11.063893469495115	11.198818999610909	c	>20.49	1.15	170.420820357143	20.1747992857143	6201.25	4362.55	2.52	2.28	>20.49	-0.4067	19.58	181.0	02a59665o0313c
59665.36012885	>20.56	0.0	-6.725381863608976	10.549618609582707	c	>20.56	1.5	170.420820357143	20.1747992857143	6221.81	4401.36	2.5	2.24	>20.56	-0.4107	19.61	180.9	02a59665o0317c
59665.39349945	>19.99343186004893	0.0	19.761284193830672	12.170857152491738	c	>19.99343186004893	1.35	170.420820357143	20.1747992857143	4432.68	6256.93	2.47	2.25	>19.99343186004893	-0.4147	19.62	181.2	02a59665o0389c
59665.40139185	>20.34	0.0	-3.4284057374526444	12.922452395013813	c	>20.34	1.18	170.420820357143	20.1747992857143	4452.49	6143.18	2.48	2.26	>20.34	-0.4127	19.61	179.7	02a59665o0406c
59666.40852945	>19.89781389497228	0.0	15.919162792977092	13.355907766989256	c	>19.89781389497228	1.2	170.420820357143	20.1747992857143	326.28	9867.65	2.47	2.25	>19.89781389497228	-0.4157	19.63	181.9	02a59666o0424c
59666.41136725	>19.964639231433768	0.0	18.843848983795482	12.479370187944028	c	>19.964639231433768	1.61	170.420820357143	20.1747992857143	307.32	9828.93	2.4	2.2	>19.964639231433768	-0.4167	19.67	181.6	02a59666o0430c
59666.41735615	>20.36	0.0	-7.019976051418611	12.739956537759701	c	>20.36	1.29	170.420820357143	20.1747992857143	364.45	9907.45	2.46	2.24	>20.36	-0.4147	19.64	180.9	02a59666o0443c
59666.42428665	>19.959007622318264	0.0	26.30685226595404	12.570269309347497	c	>19.959007622318264	1.26	170.420820357143	20.1747992857143	10326.7	9895.98	2.45	2.24	>19.959007622318264	-0.4137	19.64	179.6	02a59666o0458c
59666.42706285	>20.47	0.0	-12.656250921752667	11.505682656138788	c	>20.47	1.23	170.420820357143	20.1747992857143	10306.2	9856.13	2.43	2.23	>20.47	-0.4147	19.65	181.9	02a59666o0464c
59666.42751965	>20.34	0.0	5.623052941594411	12.946098632973179	c	>20.34	1.2	170.420820357143	20.1747992857143	385.39	9790.67	2.47	2.24	>20.34	-0.4147	19.64	181.9	02a59666o0465c
59666.43304505	>20.51	0.0	-14.429950772360522	11.049962303158962	c	>20.51	1.39	170.420820357143	20.1747992857143	10365.0	9936.47	2.46	2.24	>20.51	-0.4127	19.67	182.0	02a59666o0477c
59666.44318005	>20.016815281330828	0.0	12.829450119849508	11.92231728309247	c	>20.016815281330828	1.34	170.420820357143	20.1747992857143	10383.4	9822.06	2.45	2.24	>20.016815281330828	-0.4127	19.68	181.5	02a59666o0499c
59668.33504725	>18.43	0.0	-98.25136042272806	75.30213755026602	c	>18.43	1.12	170.420820357143	20.1747992857143	10264.1	712.49	2.4	2.24	>18.43	-0.4137	17.64	183.4	02a59668o0263c
59668.33550405	>18.72	0.0	-45.3863721309937	57.69454084448351	c	>18.72	1.32	170.420820357143	20.1747992857143	264.69	691.06	2.43	2.26	>18.72	-0.4137	17.58	181.8	02a59668o0264c
59668.33831605	>17.34	0.0	153.35993624448577	203.4676381857534	c	>17.34	1.2	170.420820357143	20.1747992857143	10282.9	752.71	2.47	2.28	>17.34	-0.4087	16.81	182.6	02a59668o0270c
59668.33877285	>18.187714865787378	0.0	109.89944686531484	64.38553452715414	c	>18.187714865787378	1.05	170.420820357143	20.1747992857143	286.09	732.12	2.45	2.29	>18.187714865787378	-0.4137	17.22	181.5	02a59668o0271c
59668.34519235	>19.87	0.0	15.663131482855382	19.917315342396353	c	>19.87	1.52	170.420820357143	20.1747992857143	10226.7	676.03	2.49	2.29	>19.87	-0.4117	19.25	181.5	02a59668o0285c
59668.34564745	>20.13	0.0	-15.808060654070397	15.612899411427554	c	>20.13	1.17	170.420820357143	20.1747992857143	227.39	651.76	2.49	2.29	>20.13	-0.4097	19.24	178.7	02a59668o0286c
59668.35159345	>19.88	0.0	1.5441012631058757	19.730182806352854	c	>19.88	1.19	170.420820357143	20.1747992857143	10206.4	795.37	2.45	2.26	>19.88	-0.4107	19.38	181.7	02a59668o0299c
59668.35342115	>20.2	0.0	-12.02099801657187	14.753043020338204	c	>20.2	1.56	170.420820357143	20.1747992857143	209.41	770.55	2.44	2.24	>20.2	-0.4127	19.29	176.6	02a59668o0303c
59669.40166215	>19.91458315245509	0.0	17.07623024142633	13.105013906210903	c	>19.91458315245509	1.3	170.420820357143	20.1747992857143	321.78	9867.39	2.46	2.26	>19.91458315245509	-0.4157	19.67	181.9	02a59669o0408c
59669.40580385	>20.27	0.0	8.814885458753169	13.81437273386691	c	>20.27	1.62	170.420820357143	20.1747992857143	302.41	9825.82	2.46	2.24	>20.27	-0.4147	19.68	182.1	02a59669o0417c
59669.41226645	>20.32	0.0	10.896630188091107	13.183577264604056	c	>20.32	1.44	170.420820357143	20.1747992857143	359.14	9904.98	2.5	2.26	>20.32	-0.4147	19.61	182.0	02a59669o0431c
59669.41548075	>20.082972923794262	0.0	17.205061993797433	11.203296182007632	c	>20.082972923794262	1.31	170.420820357143	20.1747992857143	10321.4	9893.24	2.49	2.26	>20.082972923794262	-0.4107	19.64	180.4	02a59669o0438c
59669.41869605	>20.48	0.0	1.079977227817498	11.339760892083728	c	>20.48	1.24	170.420820357143	20.1747992857143	10301.2	9853.5	2.5	2.27	>20.48	-0.4127	19.66	181.0	02a59669o0445c
59669.42280665	>20.34	0.0	10.75195183954794	13.008534324391338	c	>20.34	1.3	170.420820357143	20.1747992857143	380.09	9786.09	2.46	2.26	>20.34	-0.4137	19.64	180.3	02a59669o0454c
59669.42418335	>20.4	0.0	-3.9998169822498832	12.266105412232976	c	>20.4	1.43	170.420820357143	20.1747992857143	10359.6	9933.87	2.48	2.26	>20.4	-0.4137	19.64	181.5	02a59669o0457c
59669.43436485	>20.47	0.0	0.3950600600728102	11.456741742111495	c	>20.47	2.01	170.420820357143	20.1747992857143	10378.1	9818.08	2.46	2.24	>20.47	-0.4137	19.64	180.5	02a59669o0479c
59670.39060235	>20.22	0.0	8.780467265326857	14.268259306156143	c	>20.22	1.55	170.420820357143	20.1747992857143	332.64	9872.13	2.92	2.68	>20.22	-0.3957	19.47	181.3	02a59670o0134c
59670.39380645	>20.14	0.0	-11.79503123911838	15.36928312976031	c	>20.14	1.2	170.420820357143	20.1747992857143	313.68	9834.07	2.88	2.64	>20.14	-0.4017	19.51	179.7	02a59670o0141c
59670.39426275	>20.3	0.0	-0.1685011673201525	13.311592218292045	c	>20.3	1.26	170.420820357143	20.1747992857143	10333.8	9896.84	2.79	2.56	>20.3	-0.4047	19.52	180.0	02a59670o0142c
59670.40067995	>19.91579248406819	0.0	13.879720072356273	13.029941292416092	c	>19.91579248406819	1.34	170.420820357143	20.1747992857143	369.77	9909.04	2.56	2.33	>19.91579248406819	-0.4117	19.63	182.3	02a59670o0156c
59670.40480115	>20.45	0.0	7.05126013519464	11.649908049452012	c	>20.45	1.29	170.420820357143	20.1747992857143	10313.0	9857.2	2.68	2.42	>20.45	-0.4047	19.54	181.6	02a59670o0165c
59670.40805945	>20.5	0.0	-3.7436886228320634	11.087077844541108	c	>20.5	1.77	170.420820357143	20.1747992857143	10372.0	9938.14	2.59	2.35	>20.5	-0.4077	19.63	182.0	02a59670o0172c
59670.41127975	>19.897266135135624	0.0	18.16175673177448	13.277922988776298	c	>19.897266135135624	1.39	170.420820357143	20.1747992857143	391.51	9792.16	2.65	2.43	>19.897266135135624	-0.4087	19.61	182.0	02a59670o0179c
59670.41412215	>20.48	0.0	-5.141341207283896	11.310950656024575	c	>20.48	1.95	170.420820357143	20.1747992857143	10389.5	9820.07	2.62	2.37	>20.48	-0.4077	19.6	181.6	02a59670o0185c
59673.42290065	>19.35	0.0	-7.2532448780116745	31.99960975593386	c	>19.35	1.04	170.420820357143	20.1747992857143	10324.9	9896.12	2.44	2.28	>19.35	-0.4077	18.27	181.7	02a59673o0446c
59673.42387595	>18.4	0.0	53.286705404667124	77.1738492067593	c	>18.4	0.84	170.420820357143	20.1747992857143	307.93	9829.57	2.43	2.27	>18.4	-0.4077	17.34	180.9	02a59673o0448c
59673.42616115	>19.4	0.0	-50.55421542801012	30.475945470786243	c	>19.4	1.12	170.420820357143	20.1747992857143	10305.1	9856.71	2.48	2.3	>19.4	-0.4047	18.46	181.5	02a59673o0453c
59673.42993495	>18.89	0.0	10.10466932888053	48.27786457131808	c	>18.89	1.27	170.420820357143	20.1747992857143	367.31	9907.82	2.63	2.46	>18.89	-0.3917	18.05	180.8	02a59673o0460c
59673.43149955	>19.43	0.0	-1.244665899082795	29.457092944959488	c	>19.43	1.12	170.420820357143	20.1747992857143	10366.5	9937.93	2.63	2.41	>19.43	-0.3987	18.37	183.6	02a59673o0463c
59673.46459805	>18.18	0.0	82.7179354625126	93.8530421593893	c	>18.18	1.14	170.420820357143	20.1747992857143	378.55	9790.89	2.48	2.33	>18.18	-0.3997	17.49	182.5	02a59673o0533c
59673.46619315	>18.94	0.0	17.427187345549726	46.130790032337515	c	>18.94	1.62	170.420820357143	20.1747992857143	10378.0	9825.27	2.54	2.33	>18.94	-0.3977	18.06	184.1	02a59673o0536c
59676.38087135	>19.952900829364754	0.0	15.42745345248607	12.647732109695786	c	>19.952900829364754	1.68	170.420820357143	20.1747992857143	257.27	5968.65	2.52	2.31	>19.952900829364754	-0.4047	19.51	176.5	02a59676o0295c
59676.38498945	>20.3	0.0	10.010257732284302	13.253017279362316	c	>20.3	1.4	170.420820357143	20.1747992857143	237.97	5930.56	2.55	2.32	>20.3	-0.4027	19.54	176.2	02a59676o0304c
59676.39139105	>19.882551679557043	0.0	20.00948685851598	13.523653187134938	c	>19.882551679557043	1.32	170.420820357143	20.1747992857143	295.36	6006.38	2.51	2.29	>19.882551679557043	-0.4087	19.53	174.9	02a59676o0318c
59676.39784515	>19.99654148058781	0.0	12.863568234267104	12.179335881380554	c	>19.99654148058781	1.16	170.420820357143	20.1747992857143	10206.1	5989.67	2.5	2.28	>19.99654148058781	-0.4087	19.59	181.5	02a59676o0332c
59676.40107885	>20.51	0.0	9.646997657687052	11.025140180213773	c	>20.51	1.49	170.420820357143	20.1747992857143	10186.2	5950.41	2.52	2.28	>20.51	-0.4077	19.58	182.5	02a59676o0339c
59676.40290745	>19.909355514029105	0.0	13.392802914365767	13.122241239328073	c	>19.909355514029105	1.67	170.420820357143	20.1747992857143	315.62	5889.06	2.48	2.27	>19.909355514029105	-0.4077	19.58	177.0	02a59676o0343c
59676.40657355	>20.52	0.0	1.520759836620355	10.921820644818915	c	>20.52	1.32	170.420820357143	20.1747992857143	10244.0	6029.4	2.51	2.29	>20.52	-0.4107	19.62	181.9	02a59676o0351c
59676.42120555	>20.06597590800878	0.0	17.663739436376552	11.365041652862436	c	>20.06597590800878	1.46	170.420820357143	20.1747992857143	10264.0	5914.03	2.49	2.28	>20.06597590800878	-0.4097	19.64	182.5	02a59676o0383c
59677.31442225	>20.27	0.0	2.040007995325919	13.736053835194523	c	>20.27	1.2	170.420820357143	20.1747992857143	10338.1	4616.62	2.49	2.25	>20.27	-0.4107	19.33	183.4	02a59677o0207c
59677.31624915	>19.840513091640762	0.0	16.393629655841487	13.97489741153701	c	>19.840513091640762	1.46	170.420820357143	20.1747992857143	10358.1	4655.8	2.48	2.23	>19.840513091640762	-0.4117	19.3	178.3	02a59677o0211c
59677.31945035	>19.907374112957015	0.0	28.90143185401903	13.20834668441594	c	>19.907374112957015	1.39	170.420820357143	20.1747992857143	10300.2	4579.58	2.42	2.22	>19.907374112957015	-0.4147	19.34	182.5	02a59677o0218c
59677.32181375	>20.23	0.0	-0.7986949584577844	14.376509252240123	c	>20.23	1.13	170.420820357143	20.1747992857143	390.63	4598.34	2.45	2.23	>20.23	-0.4127	19.32	177.9	02a59677o0223c
59677.32458925	>20.19	0.0	-8.78949500264058	14.83227281695598	c	>20.19	1.25	170.420820357143	20.1747992857143	410.92	4637.06	2.49	2.27	>20.19	-0.4107	19.34	178.6	02a59677o0229c
59677.32735255	>20.18	0.0	-19.551785608711683	14.975835785396184	c	>20.18	1.16	170.420820357143	20.1747992857143	352.39	4559.61	2.51	2.28	>20.18	-0.4107	19.34	176.4	02a59677o0235c
59677.33288905	>20.27	0.0	-0.42121633429308086	13.759733586907311	c	>20.27	1.16	170.420820357143	20.1747992857143	333.51	4675.91	2.49	2.27	>20.27	-0.4097	19.29	177.9	02a59677o0247c
59677.33949565	>19.901168407070553	0.0	23.642191844986073	13.307581038495158	c	>19.901168407070553	1.65	170.420820357143	20.1747992857143	10285.0	4699.99	2.52	2.31	>19.901168407070553	-0.4067	19.3	183.8	02a59677o0260c
59678.28380555	>20.0	0.0	11.119667620101085	17.8167401640256	c	>20.0	0.84	170.420820357143	20.1747992857143	10342.1	4616.19	2.43	2.19	>20.0	-0.4167	19.07	180.9	02a59678o0143c
59678.28608995	>20.0	0.0	4.018918547341324	17.761027128572945	c	>20.0	1.25	170.420820357143	20.1747992857143	10361.7	4654.88	2.45	2.2	>20.0	-0.4137	19.07	179.0	02a59678o0148c
59678.28928785	>20.05	0.0	-2.040271881140666	16.832243019410488	c	>20.05	1.21	170.420820357143	20.1747992857143	10303.4	4578.22	2.41	2.21	>20.05	-0.4097	19.11	183.8	02a59678o0155c
59678.29433885	>20.06	0.0	12.477348941161633	16.68024542660555	c	>20.06	0.97	170.420820357143	20.1747992857143	10284.0	4696.14	2.46	2.23	>20.06	-0.4107	19.06	183.4	02a59678o0166c
59678.29806445	>20.02	0.0	9.868635536388565	17.30215321314878	c	>20.02	1.09	170.420820357143	20.1747992857143	393.69	4601.51	2.42	2.21	>20.02	-0.4097	19.12	175.6	02a59678o0174c
59678.30173115	>20.13	0.0	-20.58704138554927	15.727988139270558	c	>20.13	1.32	170.420820357143	20.1747992857143	414.85	4641.89	2.41	2.21	>20.13	-0.4107	19.12	181.6	02a59678o0181c
59678.30447285	>19.88	0.0	-4.7776006873163945	19.773958400281746	c	>19.88	0.91	170.420820357143	20.1747992857143	356.52	4564.19	2.45	2.25	>19.88	-0.4137	19.12	177.7	02a59678o0187c
59678.30960815	>19.659648924023497	0.0	26.63536896497835	16.614141037560753	c	>19.659648924023497	1.41	170.420820357143	20.1747992857143	337.56	4681.79	2.45	2.25	>19.659648924023497	-0.4147	19.14	178.5	02a59678o0198c
59690.34698735	>20.35	0.0	-22.72521789602273	12.826503352356385	c	>20.35	1.33	170.420820357143	20.1747992857143	2635.98	10232.3	2.51	2.32	>20.35	-0.4117	19.62	177.6	02a59690o0265c
59690.35032505	>20.33	0.0	1.2080906418815516	13.154764767154672	c	>20.33	1.28	170.420820357143	20.1747992857143	2616.85	10193.5	2.44	2.26	>20.33	-0.4177	19.63	177.7	02a59690o0272c
59690.35626865	>20.4	0.0	-2.9115887226777493	12.308079600410485	c	>20.4	1.53	170.420820357143	20.1747992857143	2673.35	10271.1	2.45	2.25	>20.4	-0.4137	19.61	177.9	02a59690o0285c
59690.35718195	None	None	None	None	c	None	None	170.420820357143	20.1747992857143	None	None	None	None	None	-0.4157	19.63	None	02a59690o0287c
59690.36382745	>19.414133751168276	0.0	46.445321567228646	20.70938580703269	c	>19.414133751168276	1.14	170.420820357143	20.1747992857143	2065.84	55.7	2.6	2.39	>19.414133751168276	-0.4047	19.19	182.5	02a59690o0301c
59690.36611285	>19.73	0.0	-10.018559099568911	22.792221951519267	c	>19.73	0.91	170.420820357143	20.1747992857143	2692.74	10154.2	2.48	2.28	>19.73	-0.4137	18.92	179.2	02a59690o0306c
59690.39619725	None	None	None	None	c	None	None	170.420820357143	20.1747992857143	None	None	None	None	None	-0.4097	19.5	None	02a59690o0369c
59693.34633985	>20.05	0.0	-2.6024912325937066	17.03448806788608	c	>20.05	1.15	170.420820357143	20.1747992857143	2635.11	10231.6	2.44	2.24	>20.05	-0.4187	18.86	180.4	02a59693o0262c
59693.34953565	>19.37	0.0	-67.51833793995735	31.697540330590666	c	>19.37	0.99	170.420820357143	20.1747992857143	2615.93	10192.5	2.51	2.32	>19.37	-0.4127	18.77	171.6	02a59693o0269c
59693.35457275	None	None	None	None	c	None	None	170.420820357143	20.1747992857143	None	None	None	None	None	-0.4097	18.68	None	02a59693o0280c
59693.35842495	>18.93	0.0	-89.93436343282217	46.54497756610972	c	>18.93	1.0	170.420820357143	20.1747992857143	2671.45	10269.4	2.81	2.63	>18.93	-0.3967	17.63	177.5	02a59693o0288c
59693.35979435	>17.88	0.0	-63.611313987755814	124.1935177856185	c	>17.88	0.93	170.420820357143	20.1747992857143	2065.32	56.65	2.58	2.42	>17.88	-0.4067	17.22	182.5	02a59693o0291c
59693.36822275	>18.976760206980735	0.0	31.521860293903135	30.95896993151202	c	>18.976760206980735	0.96	170.420820357143	20.1747992857143	2691.63	10152.0	2.58	2.42	>18.976760206980735	-0.3977	18.74	180.6	02a59693o0309c
59694.31373805	>20.32	0.0	1.353855673264582	13.08727150822429	c	>20.32	1.23	170.420820357143	20.1747992857143	2641.24	10230.0	2.63	2.42	>20.32	-0.4037	19.51	176.8	02a59694o0188c
59694.31560095	None	None	None	None	c	None	None	170.420820357143	20.1747992857143	None	None	None	None	None	-0.4087	19.53	None	02a59694o0192c
59694.31917515	>19.863487763258348	0.0	36.92157168925607	13.70136449405987	c	>19.863487763258348	1.13	170.420820357143	20.1747992857143	2622.52	10191.7	2.57	2.37	>19.863487763258348	-0.4057	19.55	178.3	02a59694o0199c
59694.32100395	>20.17	0.0	-14.880846880657344	15.023931946817513	c	>20.17	1.58	170.420820357143	20.1747992857143	2071.64	55.21	2.58	2.34	>20.17	-0.4067	19.55	181.4	02a59694o0203c
59694.32237885	>20.22	0.0	11.182256901517	14.35746565133047	c	>20.22	1.11	170.420820357143	20.1747992857143	2679.81	10269.3	2.51	2.31	>20.22	-0.4097	19.56	177.4	02a59694o0206c
59694.33468715	>20.39	0.0	0.5573233799581667	12.40044520406921	c	>20.39	2.16	170.420820357143	20.1747992857143	2700.43	10154.0	2.52	2.32	>20.39	-0.4117	19.6	179.5	02a59694o0231c
