###MJD	m	dm	uJy	duJy	F	err	chi/N	RA	Dec	x	y	maj	min	phi	apfit	mag5sig	Sky	Obs
59721.43231405	>20.12	0.0	4.515722579739196	15.482477416248667	o	>20.12	1.49	284.21466499999997	36.618796666666704	4669.72	1178.4	3.24	2.79	>20.12	-0.3907	19.11	181.3	01a59721o0435o
59721.43968495	18.16	0.08	198.335326234238	15.284227316328405	o	18.16	9.25	284.21466499999997	36.618796666666704	4649.89	1138.19	2.75	2.57	18.16	-0.4687	19.24	182.6	01a59721o0451o
59721.45303945	>20.19	0.0	-5.162454276994846	15.48736283098454	o	>20.19	1.44	284.21466499999997	36.618796666666704	4710.82	1212.87	2.77	2.58	>20.19	-0.4537	19.24	181.5	01a59721o0480o
59721.45949175	>19.733943297944485	0.0	21.006266003289088	15.404595069078665	o	>19.733943297944485	1.47	284.21466499999997	36.618796666666704	4729.86	1093.76	2.72	2.56	>19.733943297944485	-0.4667	19.24	182.8	01a59721o0494o
59721.48230885	>20.38	0.0	-16.866828397595146	12.94184317299753	o	>20.38	1.39	284.21466499999997	36.618796666666704	5344.22	5347.95	2.17	1.84	>20.38	-0.4577	19.45	179.3	02a59721o0520o
59721.48419465	>20.36	0.0	-10.507185503168223	13.075608626164895	o	>20.36	1.48	284.21466499999997	36.618796666666704	5362.98	5386.7	2.3	1.93	>20.36	-0.4457	19.4	182.2	02a59721o0524o
59721.48739425	>20.4	0.0	2.8285300308106454	12.67181453803169	o	>20.4	0.93	284.21466499999997	36.618796666666704	5304.52	5309.63	2.26	1.9	>20.4	-0.4487	19.4	179.3	02a59721o0531o
59721.49711865	>20.37	0.0	0.9764849228693688	13.128297296354845	o	>20.37	0.92	284.21466499999997	36.618796666666704	5288.66	5425.04	2.2	1.87	>20.37	-0.4537	19.49	179.0	02a59721o0550o
59723.42987435	>20.18	0.0	-30.126296901376747	14.612155982104891	c	>20.18	1.04	284.21466499999997	36.618796666666704	3835.63	9514.55	2.99	2.49	>20.18	-0.3827	19.39	177.6	02a59723o0422c
59723.45386445	>20.15	0.0	2.0953631044769367	15.016768915418046	c	>20.15	1.06	284.21466499999997	36.618796666666704	3872.67	9558.58	2.93	2.48	>20.15	-0.3887	19.42	179.0	02a59723o0474c
59723.47699055	>20.23	0.0	-16.893682436896437	13.870602421872865	c	>20.23	1.38	284.21466499999997	36.618796666666704	3805.5	9478.38	3.03	2.49	>20.23	-0.3797	19.42	179.3	02a59723o0524c
59723.48261475	>20.21	0.0	-4.2315200030358815	14.418512602937078	c	>20.21	1.11	284.21466499999997	36.618796666666704	3794.05	9597.99	2.73	2.4	>20.21	-0.3977	19.51	177.3	02a59723o0536c
59723.51084825	>20.2	0.0	-12.991528885837171	15.259891072253186	o	>20.2	1.49	284.21466499999997	36.618796666666704	4668.31	1167.11	3.03	2.84	>20.2	-0.4477	19.25	182.6	01a59723o0593o
59723.51450185	>20.28	0.0	-15.749254005684	13.499360576300573	c	>20.28	1.31	284.21466499999997	36.618796666666704	3833.01	9541.83	2.76	2.45	>20.28	-0.3967	19.52	178.6	02a59723o0604c
59723.51460555	>20.15	0.0	-12.020864077238993	15.958733343920741	o	>20.15	1.41	284.21466499999997	36.618796666666704	4647.32	1127.85	3.05	2.82	>20.15	-0.4547	19.21	182.4	01a59723o0601o
59723.53916975	>19.805272074306515	0.0	36.82396311794205	14.417847993268314	o	>19.805272074306515	1.6	284.21466499999997	36.618796666666704	4704.64	1200.48	2.94	2.73	>19.805272074306515	-0.4637	19.3	180.6	01a59723o0651o
59723.55282795	>19.79138969543007	0.0	14.869144939730349	14.676039161292293	o	>19.79138969543007	1.17	284.21466499999997	36.618796666666704	5828.01	9478.36	2.93	2.72	>19.79138969543007	-0.4607	19.34	182.1	01a59723o0680o
59725.48047225	>20.07	0.0	7.950755773451422	16.947663622356973	o	>20.07	1.08	284.21466499999997	36.618796666666704	4672.53	1166.12	3.04	2.88	>20.07	-0.4337	19.14	182.2	01a59725o0537o
59725.49107525	>20.17	0.0	-19.716863549336935	15.358398975272989	o	>20.17	1.66	284.21466499999997	36.618796666666704	4650.34	1125.64	3.04	2.87	>20.17	-0.4317	19.17	181.7	01a59725o0559o
59725.49291725	>20.16	0.0	7.334282818800198	15.506769388320427	o	>20.16	1.55	284.21466499999997	36.618796666666704	4711.48	1202.02	3.07	2.88	>20.16	-0.4267	19.15	182.9	01a59725o0563o
59725.49804565	>20.08	0.0	9.94892203679263	16.72265618950251	o	>20.08	1.38	284.21466499999997	36.618796666666704	4730.9	1084.89	3.06	2.9	>20.08	-0.4337	19.15	182.0	01a59725o0574o
59726.50337455	>20.35	0.0	1.7384455775882504	12.89347136711286	c	>20.35	1.18	284.21466499999997	36.618796666666704	3858.53	9517.7	2.57	2.32	>20.35	-0.4157	19.62	176.6	02a59726o0570c
59726.50526015	>20.35	0.0	-1.7190644198663954	12.892983148997967	c	>20.35	1.33	284.21466499999997	36.618796666666704	3879.19	9557.2	2.55	2.31	>20.35	-0.4177	19.66	179.2	02a59726o0574c
59726.50846105	>19.982972923794264	0.0	18.845347093247106	12.271388804905088	c	>19.982972923794264	1.34	284.21466499999997	36.618796666666704	3819.26	9478.29	2.59	2.33	>19.982972923794264	-0.4147	19.67	177.1	02a59726o0581c
59726.53070415	>20.36	0.0	8.851778006417069	12.667199560907186	c	>20.36	1.64	284.21466499999997	36.618796666666704	3802.96	9597.44	2.65	2.39	>20.36	-0.4107	19.65	175.9	02a59726o0626c
59727.48446275	>19.73	0.0	-20.989298201078306	22.453667843014003	c	>19.73	1.15	284.21466499999997	36.618796666666704	3849.13	9518.97	2.7	2.38	>19.73	-0.4017	19.0	176.5	02a59727o0538c
59727.48721795	>19.87	0.0	3.680740387196877	19.702786778524455	c	>19.87	1.2	284.21466499999997	36.618796666666704	3873.05	9558.14	2.74	2.38	>19.87	-0.3997	19.13	179.6	02a59727o0544c
59727.49276595	>19.691989642577767	0.0	26.999555929721797	16.048687091093377	c	>19.691989642577767	1.0	284.21466499999997	36.618796666666704	3812.53	9480.78	2.78	2.41	>19.691989642577767	-0.3977	19.32	181.1	02a59727o0556c
59727.50313715	>19.8	0.0	-14.90267896469549	20.999229450252734	c	>19.8	1.16	284.21466499999997	36.618796666666704	3794.75	9599.35	2.7	2.39	>19.8	-0.3997	19.12	175.5	02a59727o0578c
59728.50272215	>17.41	0.0	-534.0855082996305	207.5797926994516	o	>17.41	1.47	284.21466499999997	36.618796666666704	1214.2	9585.52	2.63	2.49	>17.41	-0.4927	16.62	175.6	01a59728o0565o
59730.54660785	>20.02	0.0	-6.626703134011764	17.180341458549016	c	>20.02	1.53	284.21466499999997	36.618796666666704	1240.09	5005.0	2.7	2.4	>20.02	-0.4027	18.99	179.4	02a59730o0663c
59730.54988945	>20.47	0.0	2.1168400526779103	11.398369514419516	c	>20.47	1.83	284.21466499999997	36.618796666666704	1220.33	4966.35	2.72	2.41	>20.47	-0.4007	19.45	178.4	02a59730o0670c
59730.58212455	>19.8486206901438	0.0	23.148821002954264	13.930263966379556	c	>19.8486206901438	1.42	284.21466499999997	36.618796666666704	1275.5	5041.83	2.84	2.6	>19.8486206901438	-0.3877	19.32	178.1	02a59730o0735c
59730.61086735	>20.25	0.0	-22.932766112356553	13.829683380734107	c	>20.25	1.31	284.21466499999997	36.618796666666704	1289.36	4925.54	2.83	2.56	>20.25	-0.3957	19.29	179.2	02a59730o0791c
59731.46881745	>20.27	0.0	-27.79529155606493	14.453551609153767	o	>20.27	1.25	284.21466499999997	36.618796666666704	1170.94	9549.04	2.83	2.68	>20.27	-0.4597	19.37	180.9	01a59731o0486o
59731.48827195	>20.26	0.0	-2.3696819151374435	14.582657939307346	o	>20.26	1.12	284.21466499999997	36.618796666666704	1155.15	9509.47	2.81	2.66	>20.26	-0.4607	19.37	178.6	01a59731o0523o
59731.49149535	>20.27	0.0	-18.094821761721803	14.439302213899213	o	>20.27	1.45	284.21466499999997	36.618796666666704	1213.96	9584.29	2.82	2.67	>20.27	-0.4567	19.36	178.3	01a59731o0530o
59731.49517785	>20.28	0.0	-16.58526764221664	14.189617871674232	o	>20.28	1.77	284.21466499999997	36.618796666666704	1231.75	9465.24	2.83	2.68	>20.28	-0.4567	19.39	178.4	01a59731o0538o
59732.46599115	>19.771634209710392	0.0	32.212164361828535	14.936366715261276	o	>19.771634209710392	1.45	284.21466499999997	36.618796666666704	1172.01	9546.74	2.79	2.64	>19.771634209710392	-0.4637	19.36	187.1	01a59732o0484o
59732.46829615	>20.21	0.0	-22.198724325241727	15.227224123926144	o	>20.21	1.58	284.21466499999997	36.618796666666704	1151.86	9508.12	2.82	2.68	>20.21	-0.4567	19.31	179.1	01a59732o0489o
59732.47197955	>19.820687156361224	0.0	22.254561519972324	14.256828473732266	o	>19.820687156361224	1.57	284.21466499999997	36.618796666666704	1210.81	9583.83	2.74	2.59	>19.820687156361224	-0.4677	19.39	180.1	01a59732o0497o
59732.48380625	>20.27	0.0	12.270762862345988	14.436191602759983	o	>20.27	1.64	284.21466499999997	36.618796666666704	1231.06	9465.45	2.8	2.65	>20.27	-0.4607	19.37	179.8	01a59732o0520o
59733.45777605	>20.10685094422916	0.0	20.397493644263765	11.008171173094736	c	>20.10685094422916	1.17	284.21466499999997	36.618796666666704	9351.12	5579.35	2.74	2.47	>20.10685094422916	-0.4017	19.64	179.4	02a59733o0462c
59733.45960235	>20.54	0.0	-3.3373692268705364	10.770600686718547	c	>20.54	1.12	284.21466499999997	36.618796666666704	9370.63	5618.33	2.65	2.38	>20.54	-0.4087	19.59	180.6	02a59733o0466c
59733.46234285	>20.54	0.0	4.581132766819473	10.689309789245435	c	>20.54	1.4	284.21466499999997	36.618796666666704	9312.4	5542.41	2.66	2.4	>20.54	-0.4027	19.59	179.4	02a59733o0472c
59733.47150665	>20.63	0.0	3.7412134771947136	9.87680357979404	c	>20.63	1.35	284.21466499999997	36.618796666666704	9291.62	5660.42	2.65	2.35	>20.63	-0.4107	19.65	178.3	02a59733o0490c
59734.44006655	>20.52	0.0	-5.444136397718415	10.88827279543683	c	>20.52	1.01	284.21466499999997	36.618796666666704	9351.81	5578.66	2.63	2.36	>20.52	-0.4087	19.58	178.6	02a59734o0411c
59734.44280875	>20.54	0.0	4.936067099802117	10.7696009450228	c	>20.54	0.9	284.21466499999997	36.618796666666704	9371.98	5617.42	2.61	2.35	>20.54	-0.4107	19.6	180.9	02a59734o0417c
59734.46667755	>20.67	0.0	-20.78273857949649	9.513225406107551	c	>20.67	1.45	284.21466499999997	36.618796666666704	9315.48	5543.71	2.59	2.33	>20.67	-0.4117	19.64	180.4	02a59734o0462c
59734.47126165	>20.56	0.0	-2.0291701583520982	10.580672968550227	c	>20.56	1.23	284.21466499999997	36.618796666666704	9296.78	5660.2	2.58	2.31	>20.56	-0.4157	19.64	177.7	02a59734o0472c
59735.44552405	>19.7	0.0	-23.674747624067702	24.920786972702842	o	>19.7	2.62	284.21466499999997	36.618796666666704	1170.52	9551.99	2.71	2.54	>19.7	-0.4817	18.96	-160.3	01a59735o0436o
59735.44782525	>19.50596821641003	0.0	20.981196866803526	19.15674496534235	o	>19.50596821641003	1.08	284.21466499999997	36.618796666666704	1151.12	9513.74	2.74	2.57	>19.50596821641003	-0.4717	19.05	180.3	01a59735o0441o
59735.45298575	>20.23	0.0	-10.433113697858195	15.128014861894384	o	>20.23	1.59	284.21466499999997	36.618796666666704	1210.8	9588.82	2.7	2.55	>20.23	-0.4727	19.36	177.7	01a59735o0452o
59735.47150565	>20.26	0.0	-4.881381375489628	14.812467622175426	o	>20.26	1.53	284.21466499999997	36.618796666666704	1230.27	9467.2	2.69	2.54	>20.26	-0.4747	19.42	178.3	01a59735o0488o
59736.44914715	>19.83266223224155	0.0	17.204993609763473	14.108094760006047	o	>19.83266223224155	1.52	284.21466499999997	36.618796666666704	3071.21	9367.91	2.73	2.57	>19.83266223224155	-0.4707	19.4	181.8	01a59736o0447o
59736.47376505	>20.36	0.0	3.179635503447749	13.248481264365626	o	>20.36	1.53	284.21466499999997	36.618796666666704	3057.71	9326.75	2.78	2.62	>20.36	-0.4617	19.41	181.5	01a59736o0494o
59736.47560555	>20.38	0.0	10.028525098291897	13.140825990865245	o	>20.38	1.57	284.21466499999997	36.618796666666704	3115.49	9401.65	2.74	2.59	>20.38	-0.4667	19.42	182.1	01a59736o0498o
59736.48021335	>20.27	0.0	-14.322697663659804	14.499521091606221	o	>20.27	2.32	284.21466499999997	36.618796666666704	3133.35	9283.3	2.77	2.62	>20.27	-0.4667	19.42	206.1	01a59736o0508o
59737.43370955	>20.43	0.0	0.8439100126282625	12.176415896493502	o	>20.43	1.06	284.21466499999997	36.618796666666704	9352.26	5579.89	2.32	2.02	>20.43	-0.4407	19.5	181.8	02a59737o0416o
59737.43604675	>20.068220642654296	0.0	14.080839560039534	11.38201197769862	o	>20.068220642654296	1.15	284.21466499999997	36.618796666666704	9371.61	5618.42	2.29	1.99	>20.068220642654296	-0.4427	19.53	180.2	02a59737o0421o
59737.43924395	>20.38	0.0	-15.935795047244012	12.820526842519614	o	>20.38	0.83	284.21466499999997	36.618796666666704	9312.93	5542.91	2.31	2.02	>20.38	-0.4397	19.57	181.6	02a59737o0428o
59737.44848225	>20.45	0.0	4.15079552407802	11.991187069558729	o	>20.45	1.23	284.21466499999997	36.618796666666704	9288.1	5660.19	2.29	1.95	>20.45	-0.4447	19.61	181.0	02a59737o0446o
59739.47671005	>20.19	0.0	0.6088855987695234	15.222139969238087	o	>20.19	1.22	284.21466499999997	36.618796666666704	7861.28	9314.03	2.38	2.0	>20.19	-0.4407	19.33	180.8	02a59739o0519o
59739.47854095	>19.79539414979914	0.0	19.85143565730952	14.67280026844616	o	>19.79539414979914	1.17	284.21466499999997	36.618796666666704	7881.21	9353.38	2.4	2.01	>19.79539414979914	-0.4397	19.36	180.3	02a59739o0523o
59739.48219765	>20.26	0.0	-21.20052344199558	14.37323623186141	o	>20.26	1.69	284.21466499999997	36.618796666666704	7821.45	9276.94	2.37	1.97	>20.26	-0.4447	19.4	180.0	02a59739o0531o
59739.49359635	>20.3	0.0	-0.221818829260008	13.752767414120495	o	>20.3	1.25	284.21466499999997	36.618796666666704	2801.86	1194.26	2.26	1.92	>20.3	-0.4407	19.46	181.4	02a59739o0555o
59739.55782755	>20.38	0.0	-2.8893190621363942	12.905625144209228	o	>20.38	1.39	284.21466499999997	36.618796666666704	7436.58	1193.0	2.92	2.73	>20.38	-0.4547	19.4	181.1	01a59739o0676o
59739.56301105	>19.90386562212267	0.0	18.419814062145733	13.262266124744933	o	>19.90386562212267	1.47	284.21466499999997	36.618796666666704	7456.45	1230.42	2.85	2.66	>19.90386562212267	-0.4617	19.36	182.2	01a59739o0686o
59739.59811005	>20.26	0.0	-14.182449312192734	14.397334907832017	o	>20.26	1.41	284.21466499999997	36.618796666666704	7412.78	1160.76	3.08	2.89	>20.26	-0.4437	19.26	181.7	01a59739o0759o
59740.45406945	>20.05	0.0	-42.11920381481297	17.92676856580883	o	>20.05	1.21	284.21466499999997	36.618796666666704	3071.51	9365.48	2.75	2.6	>20.05	-0.4717	19.19	179.7	01a59740o0455o
59740.46006395	>20.14	0.0	-20.49442611466984	16.395540891735873	o	>20.14	1.56	284.21466499999997	36.618796666666704	3053.26	9327.22	2.73	2.57	>20.14	-0.4727	19.18	179.9	01a59740o0468o
59740.46785165	17.89	0.11	254.09979541209344	25.85134395011373	o	17.89	35.65	284.21466499999997	36.618796666666704	3112.12	9402.09	3.06	2.89	17.89	-0.4437	19.07	-708.3	01a59740o0484o
59740.47061725	>19.9	0.0	5.74549735219823	19.39105356366903	o	>19.9	1.42	284.21466499999997	36.618796666666704	3129.56	9283.74	3.31	3.14	>19.9	-0.4077	18.98	181.0	01a59740o0490o
59741.50058635	>20.1	0.0	13.5630635235741	16.48613755882714	o	>20.1	1.36	284.21466499999997	36.618796666666704	2745.39	1283.39	2.32	1.99	>20.1	-0.4337	19.14	182.5	02a59741o0522o
59741.50345425	>20.05	0.0	3.2268025039010677	17.00276703978639	o	>20.05	1.2	284.21466499999997	36.618796666666704	2725.48	1246.31	2.38	2.08	>20.05	-0.4217	19.12	181.3	02a59741o0528o
59741.51005195	>19.54721066930601	0.0	29.67697280498981	18.382902182847946	o	>19.54721066930601	1.8	284.21466499999997	36.618796666666704	2785.74	1323.21	2.35	2.03	>19.54721066930601	-0.4267	19.17	170.2	02a59741o0540o
59741.54469705	>20.07	0.0	13.091625632719841	16.81375448908137	o	>20.07	0.94	284.21466499999997	36.618796666666704	2800.99	1202.91	2.42	2.1	>20.07	-0.4267	19.23	180.2	02a59741o0611o
59743.46596795	>19.67	0.0	-58.57223833975543	24.42394494476288	o	>19.67	1.24	284.21466499999997	36.618796666666704	3072.33	9362.96	3.19	3.03	>19.67	-0.4277	18.63	180.3	01a59743o0474o
59743.46781045	>19.48	0.0	27.121907105218238	28.75857391329175	o	>19.48	1.25	284.21466499999997	36.618796666666704	3052.18	9323.76	3.24	3.09	>19.48	-0.4247	18.64	180.1	01a59743o0478o
59743.47149125	16.83	0.06	675.4787212243137	36.30169190885696	o	16.83	107.25	284.21466499999997	36.618796666666704	3110.5	9398.98	3.17	3.0	16.83	-0.4287	18.62	-1512.5	01a59743o0486o
59743.48252645	>19.77	0.0	-18.43535085003927	23.044188562549092	o	>19.77	1.33	284.21466499999997	36.618796666666704	3127.41	9279.89	2.8	2.62	>19.77	-0.4677	18.75	177.2	01a59743o0507o
59745.50273845	>19.23	0.0	4.768150354137534	37.76375080476927	o	>19.23	1.06	284.21466499999997	36.618796666666704	5582.02	7365.11	2.87	2.71	>19.23	-0.4607	18.68	178.9	01a59745o0571o
59745.53082795	>19.33	0.0	-11.300982672017286	32.67011354274087	o	>19.33	1.35	284.21466499999997	36.618796666666704	5610.96	7403.68	3.2	2.78	>19.33	-0.4097	18.62	179.0	01a59745o0631o
59745.54869835	>19.16	0.0	3.0390189955326545	38.69684187644914	o	>19.16	1.42	284.21466499999997	36.618796666666704	5557.28	7327.72	3.08	2.75	>19.16	-0.4267	18.52	180.7	01a59745o0669o
59745.57352565	>19.24	0.0	10.108082819720863	37.38083457859037	o	>19.24	1.62	284.21466499999997	36.618796666666704	5544.92	7448.9	2.87	2.69	>19.24	-0.4647	18.59	177.1	01a59745o0722o
59747.48418525	>19.62	0.0	12.770945050650734	22.82466775009919	o	>19.62	1.38	284.21466499999997	36.618796666666704	5573.97	7365.33	3.98	3.25	>19.62	-0.3087	18.75	181.6	01a59747o0527o
59747.48763095	>19.426678399987733	0.0	26.51545521749065	20.497763253237462	o	>19.426678399987733	1.62	284.21466499999997	36.618796666666704	5595.62	7402.48	2.83	2.68	>19.426678399987733	-0.4697	18.97	182.9	01a59747o0534o
59747.51245325	>18.8	0.0	12.696756703953696	54.09922421684619	o	>18.8	1.08	284.21466499999997	36.618796666666704	5543.21	7326.35	3.21	2.99	>18.8	-0.4297	18.26	169.3	01a59747o0584o
59747.51996675	>19.94	0.0	-5.843468157601785	19.72170503190602	o	>19.94	1.54	284.21466499999997	36.618796666666704	5527.46	7443.19	2.8	2.64	>19.94	-0.4687	18.98	181.8	01a59747o0600o
59748.43927345	>20.09	0.0	1.8800412119958416	17.108375029162154	o	>20.09	1.58	284.21466499999997	36.618796666666704	4964.28	3202.09	2.85	2.7	>20.09	-0.4647	19.1	178.9	01a59748o0419o
59748.46518935	>20.16	0.0	14.300871756137502	16.08848072565469	o	>20.16	1.44	284.21466499999997	36.618796666666704	4942.69	3160.48	2.8	2.63	>20.16	-0.4657	19.15	183.6	01a59748o0469o
59748.46887185	19.48	0.27	58.83882539703611	16.89431620310938	o	19.48	1.19	284.21466499999997	36.618796666666704	5003.69	3235.85	2.92	2.77	19.48	-0.4517	19.1	180.0	01a59748o0477o
59748.47211105	>20.02	0.0	-37.8578449594712	17.9430411005827	o	>20.02	1.21	284.21466499999997	36.618796666666704	5020.81	3118.23	2.96	2.79	>20.02	-0.4457	19.08	181.3	01a59748o0484o
59749.48637225	>20.29	0.0	-16.657133437554787	13.841843279094828	o	>20.29	1.21	284.21466499999997	36.618796666666704	1051.47	7532.86	2.32	1.98	>20.29	-0.4397	19.34	183.5	02a59749o0518o
59749.48957405	>19.733212863433106	0.0	20.588218815396324	15.531463316877927	o	>19.733212863433106	1.24	284.21466499999997	36.618796666666704	1031.61	7492.76	2.35	2.01	>19.733212863433106	-0.4377	19.33	185.7	02a59749o0525o
59749.49665215	>20.25	0.0	-30.705183250177072	14.38549923925619	o	>20.25	1.93	284.21466499999997	36.618796666666704	1089.46	7571.08	2.35	2.02	>20.25	-0.4367	19.31	178.8	02a59749o0540o
59749.52920135	>20.21	0.0	-0.8740557490904933	14.858947734538386	o	>20.21	1.23	284.21466499999997	36.618796666666704	1103.97	7450.3	2.36	2.07	>20.21	-0.4367	19.29	179.5	02a59749o0608o
59749.54659865	>20.1	0.0	-0.5847522930297668	16.762899066853315	o	>20.1	1.31	284.21466499999997	36.618796666666704	5595.53	7366.42	2.92	2.76	>20.1	-0.4557	19.17	181.6	01a59749o0288o
59749.55074175	>20.07	0.0	-24.60547984211038	16.941477924076	o	>20.07	1.53	284.21466499999997	36.618796666666704	5617.62	7405.05	3.02	2.81	>20.07	-0.4367	19.11	182.1	01a59749o0297o
59749.55630075	>20.01	0.0	14.851309896266587	18.062403927891797	o	>20.01	1.37	284.21466499999997	36.618796666666704	5559.37	7329.56	2.98	2.8	>20.01	-0.4457	19.13	180.3	01a59749o0309o
59750.36423385	>20.05963444197002	0.0	27.679087843085604	11.407139232301946	c	>20.05963444197002	1.44	284.21466499999997	36.618796666666704	9527.04	3051.57	2.89	2.4	>20.05963444197002	-0.3917	19.55	179.5	02a59750o0261c
59750.36744335	>20.162963710309032	0.0	20.069296071598693	10.380670381861393	c	>20.162963710309032	1.42	284.21466499999997	36.618796666666704	9553.28	3088.9	2.47	2.26	>20.162963710309032	-0.4207	19.66	179.6	02a59750o0268c
59750.37254375	19.8	0.23	43.46264923294628	10.368540503284569	c	19.8	1.32	284.21466499999997	36.618796666666704	9495.5	3011.88	2.52	2.29	19.8	-0.4157	19.63	181.0	02a59750o0279c
59750.39840135	19.39	0.17	63.63906671340689	10.69914440378238	c	19.39	1.45	284.21466499999997	36.618796666666704	9481.57	3130.04	2.51	2.27	19.39	-0.4167	19.67	180.7	02a59750o0330c
59751.47768615	18.84	0.14	105.91543402651348	14.595422938476714	o	18.84	1.53	284.21466499999997	36.618796666666704	5574.28	7362.22	2.95	2.79	18.84	-0.4467	19.31	181.8	01a59751o0487o
59751.50612665	18.7	0.12	119.68905265617063	14.280012561803716	o	18.7	1.61	284.21466499999997	36.618796666666704	5603.66	7401.47	2.88	2.7	18.7	-0.4547	19.29	181.9	01a59751o0546o
59751.53456685	18.81	0.14	109.1209506561888	14.54946008749184	o	18.81	1.53	284.21466499999997	36.618796666666704	5550.63	7329.08	2.94	2.76	18.81	-0.4537	19.28	181.1	01a59751o0605o
59751.55979345	18.85	0.16	104.69557599912672	16.660789107916038	o	18.85	1.31	284.21466499999997	36.618796666666704	5542.73	7448.66	3.02	2.85	18.85	-0.4337	19.18	178.5	01a59751o0657o
59752.47690435	>19.710519745192016	0.0	21.859031018258708	15.787077957631292	o	>19.710519745192016	1.21	284.21466499999997	36.618796666666704	1656.98	3065.47	2.89	2.74	>19.710519745192016	-0.4517	19.21	180.5	01a59752o0511o
59752.48449925	19.64	0.29	50.55926847312336	15.404777112904773	o	19.64	1.52	284.21466499999997	36.618796666666704	1677.4	3104.66	2.91	2.76	19.64	-0.4517	19.3	179.3	01a59752o0526o
59752.48780905	>19.435350159039693	0.0	60.711337557515954	20.323967079340104	o	>19.435350159039693	1.46	284.21466499999997	36.618796666666704	1619.36	3027.09	2.88	2.73	>19.435350159039693	-0.4537	18.85	181.1	01a59752o0533o
59752.51991215	>19.87	0.0	-29.279064085026132	20.589793453340963	o	>19.87	4.01	284.21466499999997	36.618796666666704	1612.84	3145.27	2.89	2.72	>19.87	-0.4477	19.3	21.4	01a59752o0601o
59753.47715125	20.04	0.29	34.98981695923489	10.733927911797156	c	20.04	1.65	284.21466499999997	36.618796666666704	1043.07	7530.32	2.51	2.29	20.04	-0.4187	19.65	180.2	02a59753o0500c
59753.48263975	>19.99672679568534	0.0	21.62415017061172	12.10952409554256	c	>19.99672679568534	1.35	284.21466499999997	36.618796666666704	1023.41	7495.66	2.57	2.33	>19.99672679568534	-0.4107	19.6	180.5	02a59753o0512c
59753.49258135	>20.01048297169446	0.0	22.007166372057423	11.946747459116885	c	>20.01048297169446	1.43	284.21466499999997	36.618796666666704	1080.41	7572.39	2.67	2.45	>20.01048297169446	-0.4047	19.56	180.7	02a59753o0532c
59753.49866675	>20.06611461310704	0.0	22.580706907491336	11.433269320248776	c	>20.06611461310704	1.54	284.21466499999997	36.618796666666704	1099.82	7451.84	2.54	2.32	>20.06611461310704	-0.4157	19.61	178.4	02a59753o0545c
59754.47081075	19.65	0.21	50.0727527179171	10.638686838084368	c	19.65	1.0	284.214681428571	36.61877285714289	6888.72	7662.73	2.55	2.3	19.65	-0.4197	19.63	178.3	02a59754o0494c
59754.47451265	>20.259162122851578	0.0	13.73914812354768	9.575769904290807	c	>20.259162122851578	1.94	284.214681428571	36.61877285714289	6869.5	7625.81	2.5	2.27	>20.259162122851578	-0.4327	19.69	174.3	02a59754o0502c
59754.48174775	19.41	0.17	62.42330376694477	10.49474757653875	c	19.41	1.93	284.214681428571	36.61877285714289	6925.9	7705.78	2.5	2.25	19.41	-0.4227	19.66	179.5	02a59754o0517c
59754.49170365	19.82	0.23	42.89949762806996	10.285053059095636	c	19.82	1.61	284.214681428571	36.61877285714289	6943.74	7591.54	2.48	2.25	19.82	-0.4237	19.68	179.2	02a59754o0538c
59755.48733095	19.27	0.19	71.1675541717625	13.762682231689446	o	19.27	1.38	284.2146025	36.6188591666667	1659.32	3067.15	2.82	2.66	19.27	-0.4617	19.4	181.3	01a59755o0429o
59755.49148025	18.77	0.12	112.71197664893559	13.634513304306724	o	18.77	1.59	284.2146025	36.6188591666667	1682.77	3106.58	2.84	2.62	18.77	-0.4737	19.4	180.7	01a59755o0438o
59755.49894975	18.89	0.14	101.34320571638877	14.342800064144402	o	18.89	1.09	284.2146025	36.6188591666667	1624.42	3028.39	2.89	2.7	18.89	-0.4627	19.34	180.8	01a59755o0453o
59755.51407325	19.12	0.17	81.39911097532885	13.970099137642247	o	19.12	1.5	284.2146025	36.6188591666667	1612.58	3146.65	2.89	2.66	19.12	-0.4637	19.35	180.8	01a59755o0484o
59756.47454235	18.53	0.09	140.05455051691104	12.368001351617766	o	18.53	1.64	284.2146025	36.6188591666667	1656.03	3064.71	2.76	2.6	18.53	-0.4667	19.51	179.9	01a59756o0421o
59756.47829445	18.83	0.12	107.07834492893429	12.052864274219356	o	18.83	1.75	284.2146025	36.6188591666667	1678.52	3103.69	2.76	2.6	18.83	-0.4687	19.52	179.3	01a59756o0429o
59756.48536805	18.89	0.13	100.94746789736658	12.924070284437935	o	18.89	1.74	284.2146025	36.6188591666667	1620.42	3025.93	2.76	2.59	18.89	-0.4727	19.52	180.5	01a59756o0443o
59756.50045835	18.77	0.13	112.75821488155806	14.81758592994833	o	18.77	4.22	284.2146025	36.6188591666667	1608.62	3143.17	2.82	2.63	18.77	-0.4677	19.45	-72.3	01a59756o0474o
59757.48433565	18.8	0.14	109.85451139473291	15.194503165885155	c	18.8	1.64	284.21460066666697	36.618842	6882.45	7665.93	2.53	2.32	18.8	-0.4197	19.35	180.3	02a59757o0390c
59757.48754705	>18.39	0.0	3.894891369109125	77.89782738218253	c	>18.39	1.2	284.21460066666697	36.618842	6863.65	7627.07	2.51	2.28	>18.39	-0.4077	18.73	172.1	02a59757o0397c
59757.49312935	18.7	0.14	120.16105844933314	16.250352666481238	c	18.7	0.93	284.21460066666697	36.618842	6920.81	7704.68	2.54	2.31	18.7	-0.4097	19.04	179.9	02a59757o0409c
59757.50296605	18.94	0.14	96.34874645795752	13.373781224761274	c	18.94	1.13	284.21460066666697	36.618842	6940.76	7591.22	2.52	2.31	18.94	-0.4177	19.53	178.6	02a59757o0429c
59758.42496765	18.31	0.09	171.68129961345875	14.698042297466149	c	18.31	1.37	284.21459210526297	36.6188289473684	3700.0	2913.35	2.72	2.49	18.31	-0.4117	19.29	177.0	02a59758o0376c
59758.42677645	18.33	0.11	169.7758993968479	17.616176331709255	c	18.33	1.18	284.21459210526297	36.6188289473684	3718.08	2952.27	2.65	2.41	18.33	-0.4117	19.16	173.5	02a59758o0380c
59758.42994145	18.49	0.11	146.1530592144164	15.753024346464038	c	18.49	1.33	284.21459210526297	36.6188289473684	3661.06	2874.17	2.75	2.5	18.49	-0.4117	19.24	177.2	02a59758o0387c
59758.43536685	18.43	0.09	154.72318655410342	13.396763713830907	c	18.43	1.79	284.21459210526297	36.6188289473684	3643.63	2990.95	2.76	2.51	18.43	-0.4127	19.41	176.4	02a59758o0399c
59759.43299245	17.96	0.07	236.9213221803097	15.610328984357354	o	17.96	1.47	284.21458407407397	36.6188211111111	8851.87	7523.48	2.95	2.79	17.96	-0.4457	19.36	180.8	01a59759o0410o
59759.43800325	18.14	0.08	200.831496695976	14.970014758557744	o	18.14	1.48	284.21458407407397	36.6188211111111	8831.4	7483.65	2.91	2.77	18.14	-0.4507	19.39	180.3	01a59759o0421o
59759.45107065	17.94	0.07	242.08552490142472	15.858007020905935	o	17.94	1.74	284.21458407407397	36.6188211111111	8890.66	7557.84	2.97	2.81	17.94	-0.4477	19.34	180.2	01a59759o0449o
59759.46127225	17.89	0.06	252.9857494297729	15.202533478830727	o	17.89	1.35	284.21458407407397	36.6188211111111	1602.69	3140.81	2.92	2.77	17.89	-0.4507	19.38	178.8	01a59759o0467o
59760.46169315	17.78	0.07	279.46552209935896	19.0049017258204	o	17.78	1.36	284.21458407407397	36.6188211111111	1898.63	9672.18	3.73	3.57	17.78	-0.3937	19.05	177.2	01a59760o0403o
59760.47140905	17.74	0.06	290.01483440908453	17.601273797003262	o	17.74	1.63	284.21458407407397	36.6188211111111	1923.48	9711.53	3.46	3.29	17.74	-0.4137	19.14	178.4	01a59760o0424o
59760.47413945	17.86	0.07	260.08193705214666	17.616086046805798	o	17.86	3.16	284.21458407407397	36.6188211111111	1862.45	9634.01	3.28	3.13	17.86	-0.4207	19.19	180.9	01a59760o0430o
59760.49051875	17.65	0.06	315.9508403359102	16.965453683406853	o	17.65	1.79	284.21458407407397	36.6188211111111	1848.59	9751.6	3.31	3.14	17.65	-0.4117	19.21	180.2	01a59760o0463o
59761.46341475	17.45	0.05	379.5919315597847	17.512629556682697	o	17.45	1.39	284.21458193548403	36.6188051612903	1900.74	9674.67	3.17	3.03	17.45	-0.4277	19.25	182.0	01a59761o0359o
59761.46842605	17.51	0.07	360.31608730535777	23.95963751902635	o	17.51	1.33	284.21458193548403	36.6188051612903	1923.8	9714.51	4.58	4.4	17.51	-0.3447	18.81	168.3	01a59761o0370o
59761.50347125	17.46	0.05	376.81368380426176	19.270361162070067	o	17.46	1.67	284.21458193548403	36.6188051612903	1872.59	9637.49	3.41	3.24	17.46	-0.4137	19.1	178.9	01a59761o0446o
59761.52848115	17.6	0.07	332.10458013644285	20.756536258527678	o	17.6	1.59	284.21458193548403	36.6188051612903	1860.44	9754.94	4.17	3.73	17.6	-0.3377	18.93	177.3	01a59761o0500o
59763.38274475	17.29	0.04	441.2820751086193	17.95136553265179	o	17.29	1.42	284.214565476191	36.618805238095206	8662.62	931.89	3.5	3.29	17.29	-0.4007	19.18	180.4	01a59763o0300o
59763.39243735	17.26	0.04	451.5940024813275	18.554558087370644	o	17.26	1.67	284.214565476191	36.618805238095206	8641.55	891.23	3.66	3.45	17.26	-0.4167	19.15	179.8	01a59763o0319o
59763.41945255	17.09	0.03	530.2076718709426	16.823897280520292	o	17.09	1.94	284.214565476191	36.618805238095206	8701.07	962.72	3.4	3.24	17.09	-0.4047	19.25	181.5	01a59763o0375o
59763.43105845	17.28	0.04	443.85282167759715	15.763418324419993	o	17.28	1.9	284.214565476191	36.618805238095206	8717.69	841.12	3.18	3.01	17.28	-0.4257	19.33	181.9	01a59763o0399o
59764.40697445	17.26	0.04	454.04069035334425	16.20315884891686	o	17.26	1.84	284.214565476191	36.618805238095206	8662.56	927.54	2.77	2.6	17.26	-0.4717	19.3	182.7	01a59764o0349o
59764.43199915	17.17	0.03	490.7733654454143	15.801415175325838	o	17.17	1.85	284.214565476191	36.618805238095206	8637.81	882.15	2.86	2.69	17.17	-0.4607	19.3	182.4	01a59764o0397o
59764.43480395	17.14	0.04	506.7493475902516	16.630048648795132	o	17.14	1.87	284.214565476191	36.618805238095206	8698.8	958.9	2.88	2.69	17.14	-0.4597	19.33	181.8	01a59764o0403o
59764.43753815	17.17	0.04	489.89519512602203	16.401936260657838	o	17.17	1.85	284.214565476191	36.618805238095206	8717.65	841.35	2.82	2.65	17.17	-0.4597	19.32	182.1	01a59764o0409o
59765.46249735	16.98	0.03	588.2440623526984	15.743307714099295	o	16.98	1.54	284.214565476191	36.618805238095206	1907.66	9669.2	2.86	2.69	16.98	-0.4477	19.43	180.0	01a59765o0486o
59765.46615665	17.02	0.03	566.5206366527532	16.324104788946396	o	17.02	2.0	284.214565476191	36.618805238095206	1930.18	9708.62	2.81	2.66	17.02	-0.4597	19.4	182.3	01a59765o0494o
59765.49483935	16.99	0.03	578.3772098545018	16.94171285817784	o	16.99	1.7	284.214565476191	36.618805238095206	1874.45	9632.39	2.96	2.77	16.99	-0.4357	19.27	181.0	01a59765o0555o
59765.52337495	17.0	0.03	573.6795007585662	16.37330005732618	o	17.0	1.67	284.214563829787	36.6188082978723	1863.72	9752.45	3.03	2.85	17.0	-0.4247	19.34	182.7	01a59765o0616o
59766.39127465	16.92	0.03	621.809739078264	16.03827183331403	o	16.92	1.91	284.214563829787	36.6188082978723	3624.33	7462.01	2.31	1.99	16.92	-0.4487	19.5	177.3	02a59766o0316o
59766.40716485	16.9	0.03	628.1562021414929	15.751637287742607	o	16.9	1.5	284.214563829787	36.6188082978723	3645.08	7501.49	2.3	1.98	16.9	-0.4537	19.51	179.0	02a59766o0347o
59766.40988565	16.87	0.03	646.9185848006592	16.928952179162284	o	16.87	1.29	284.214563829787	36.6188082978723	3587.67	7422.3	2.28	1.98	16.87	-0.4507	19.42	173.3	02a59766o0352o
59766.41566435	16.95	0.03	600.3406190407652	16.089530828563227	o	16.95	1.37	284.214563829787	36.6188082978723	3569.35	7538.95	2.26	1.97	16.95	-0.4567	19.46	176.9	02a59766o0362o
59767.39909175	16.99	0.12	578.1455775921394	64.63493082820213	o	16.99	0.98	284.214557777778	36.6188133333333	3627.15	7464.02	2.35	1.99	16.99	-0.4257	17.59	103.4	02a59767o0318o
59767.40090105	16.79	0.09	699.2466650475458	57.916620517466505	o	16.79	1.23	284.214557777778	36.6188133333333	3647.24	7503.38	2.49	2.05	16.79	-0.4227	17.69	162.0	02a59767o0322o
59767.40545565	16.81	0.05	684.491245087165	29.04630685912757	o	16.81	1.14	284.214557777778	36.6188133333333	3589.48	7426.08	2.47	2.06	16.81	-0.4307	18.72	173.1	02a59767o0332o
59767.40853745	16.9	0.05	630.2996436261707	27.06654533265465	o	16.9	1.17	284.214562244898	36.618807959183705	8661.04	921.26	2.74	2.59	16.9	-0.4697	18.79	182.7	01a59767o0361o
59767.41473495	16.8	0.05	694.6057988434918	33.07646661159485	o	16.8	1.25	284.214557777778	36.6188133333333	3567.48	7542.86	2.34	1.99	16.8	-0.4537	18.63	181.1	02a59767o0352o
59767.43157225	16.85	0.07	657.6706451910002	42.7257031678608	o	16.85	1.06	284.214562244898	36.618807959183705	8636.25	876.99	2.87	2.71	16.85	-0.4587	18.21	180.5	01a59767o0404o
59767.44200145	16.75	0.24	723.9078719831108	179.90609836266663	o	16.75	1.12	284.214557777778	36.6188133333333	1854.22	9627.31	2.64	2.64	16.75	-0.4827	16.63	153.8	01a59767o0426o
59767.46681035	16.77	0.03	710.2708261774512	23.22699097124329	o	16.77	1.59	284.214557777778	36.6188133333333	1847.37	9748.38	2.94	2.79	16.77	-0.4427	18.97	179.8	01a59767o0478o
59768.46175365	16.76	0.02	720.8599234029051	16.55907938903053	o	16.76	1.74	284.214547972973	36.6188159459459	5599.09	3291.51	2.82	2.61	16.76	-0.4687	19.37	181.8	01a59768o0325o
59768.47289695	16.75	0.02	722.5366624932547	16.321571438395118	o	16.75	1.91	284.214547972973	36.6188159459459	5621.43	3330.09	2.77	2.61	16.75	-0.4607	19.4	180.9	01a59768o0348o
59768.47882925	16.72	0.02	745.2913941769182	16.889952873761267	o	16.72	1.46	284.214547972973	36.6188159459459	5563.89	3254.18	2.78	2.62	16.72	-0.4647	19.41	180.8	01a59768o0361o
59768.48474055	16.75	0.02	724.6849707506509	16.156553706615213	o	16.75	1.4	284.214547972973	36.6188159459459	5551.0	3372.25	2.84	2.66	16.75	-0.4467	19.36	180.7	01a59768o0373o
59769.37094825	16.65	0.04	795.6232107610643	31.203755985703907	o	16.65	1.09	284.214547972973	36.6188159459459	3620.83	7459.77	2.26	1.92	16.65	-0.4427	18.59	159.4	02a59769o0273o
59769.39306015	16.69	0.03	768.9158742782731	24.46373064212479	o	16.69	1.19	284.214547972973	36.6188159459459	3645.19	7499.6	2.23	1.92	16.69	-0.4497	18.87	170.7	02a59769o0315o
59769.42096495	16.71	0.04	750.2180485401924	25.86071475845973	o	16.71	1.2	284.214547972973	36.6188159459459	7010.4	3151.43	2.19	1.87	16.71	-0.4447	18.82	170.3	02a59769o0369o
59769.44623825	16.78	0.04	701.5700931661045	23.398115578362184	o	16.78	1.91	284.214547972973	36.6188159459459	7022.74	3036.26	2.2	1.87	16.78	-0.4477	18.96	170.1	02a59769o0420o
59769.50989275	16.67	0.02	779.9370599547586	16.114402065180965	o	16.67	1.48	284.214547972973	36.6188159459459	5616.02	3299.31	2.93	2.72	16.67	-0.4347	19.36	180.9	01a59769o0590o
59769.54465475	16.75	0.02	727.7177909544272	16.869557104459144	o	16.75	1.33	284.214547972973	36.6188159459459	5645.84	3341.38	2.91	2.75	16.75	-0.4427	19.36	181.2	01a59769o0665o
59769.54858715	16.68	0.02	775.0054278108081	16.58299832644936	o	16.68	1.88	284.214547972973	36.6188159459459	5587.59	3266.09	2.95	2.79	16.68	-0.4427	19.29	181.3	01a59769o0673o
59769.57507365	16.7	0.03	755.6635267704986	18.377456933619534	o	16.7	1.3	284.214547972973	36.6188159459459	5583.42	3386.99	3.23	2.85	16.7	-0.4057	19.18	180.2	01a59769o0730o
59770.43602935	16.64	0.03	798.0910050692476	19.975235167153198	o	16.64	1.17	284.214547972973	36.6188159459459	4886.55	9219.05	2.3	1.96	16.64	-0.4437	19.22	179.9	02a59770o0425o
59770.44009715	16.63	0.03	811.0532467928651	20.77174932910782	o	16.63	1.43	284.214547972973	36.6188159459459	4867.26	9180.12	2.36	1.99	16.63	-0.4417	19.21	181.1	02a59770o0434o
59770.44524125	16.62	0.03	817.2390873084689	20.70726797735337	o	16.62	1.26	284.214547972973	36.6188159459459	4923.44	9256.53	2.32	1.96	16.62	-0.4497	19.19	180.1	02a59770o0445o
59770.45900395	16.63	0.03	806.3166883818651	19.01893041625668	o	16.63	1.79	284.214547972973	36.6188159459459	4942.18	9139.56	2.21	1.89	16.63	-0.4567	19.26	179.4	02a59770o0475o
59771.42303275	16.56	0.03	860.24424735304	24.41041049862603	o	16.56	1.16	284.214547972973	36.6188159459459	5593.87	3292.93	2.73	2.57	16.56	-0.4857	18.84	181.4	01a59771o0390o
59771.42622305	16.59	0.03	840.3935927864434	23.30966772285075	o	16.59	1.32	284.214547972973	36.6188159459459	5614.36	3331.57	2.75	2.6	16.59	-0.4737	18.91	180.0	01a59771o0397o
59771.43140895	16.56	0.03	863.5822900930867	21.812223702624802	o	16.56	1.66	284.214547972973	36.6188159459459	5556.16	3256.23	2.79	2.63	16.56	-0.4697	18.86	179.7	01a59771o0408o
59771.44187825	16.56	0.03	865.3603584339766	25.241963530731077	o	16.56	1.0	284.214547972973	36.6188159459459	5543.36	3373.7	2.78	2.61	16.56	-0.4677	18.8	181.3	01a59771o0430o
59772.44294355	16.52	0.03	896.3805043917794	24.425515647622124	o	16.52	1.38	284.214547631579	36.6188159210526	5600.14	3294.26	2.78	2.62	16.52	-0.4777	18.81	180.8	01a59772o0422o
59772.47157565	16.5	0.03	910.3620029311808	25.472416140410164	o	16.5	1.2	284.214547631579	36.6188159210526	5628.19	3335.31	2.83	2.65	16.5	-0.4727	18.76	179.0	01a59772o0482o
59772.47504205	16.5	0.03	913.8205014936681	25.82048100043534	o	16.5	1.27	284.214547631579	36.6188159210526	5568.75	3259.09	2.85	2.66	16.5	-0.4747	18.76	178.1	01a59772o0488o
59772.50236585	16.62	0.03	819.604511518819	25.584685690284022	o	16.62	1.52	284.214546153846	36.61881576923079	5561.92	3379.95	2.78	2.61	16.62	-0.4707	18.74	176.8	01a59772o0545o
59775.42361545	16.45	0.03	955.500392462976	25.998326304382605	o	16.45	1.38	284.214544175824	36.6188186813187	5595.95	3292.28	3.32	3.17	16.45	-0.4217	18.65	179.5	01a59775o0381o
59775.42647835	16.46	0.03	949.2673003181463	28.791590790430263	o	16.46	1.12	284.214544175824	36.6188186813187	5617.74	3330.95	3.63	3.4	16.46	-0.3967	18.56	181.1	01a59775o0387o
59775.43211255	16.44	0.03	965.2861106565056	27.983028207861466	o	16.44	1.36	284.214544175824	36.6188186813187	5558.79	3255.1	3.42	3.25	16.44	-0.4017	18.63	181.0	01a59775o0399o
59775.46739805	16.48	0.03	927.3879860741208	29.23603137012991	o	16.48	1.23	284.214544175824	36.6188186813187	5552.93	3374.85	3.45	3.26	16.48	-0.4127	18.6	179.8	01a59775o0472o
59776.40244585	16.44	0.02	967.6545767381826	22.397653992762965	o	16.44	1.32	284.214544175824	36.6188186813187	7350.76	5650.28	2.88	2.71	16.44	-0.4567	19.06	181.6	01a59776o0349o
59776.40894345	16.38	0.02	1015.2736191148127	22.14804045365036	o	16.38	2.07	284.214544175824	36.6188186813187	7372.77	5688.04	2.84	2.67	16.38	-0.4647	19.02	180.6	01a59776o0363o
59776.42423585	16.47	0.03	937.9462442911084	22.76187538447041	o	16.47	1.7	284.214544175824	36.6188186813187	7316.65	5613.9	2.95	2.71	16.47	-0.4627	18.99	179.5	01a59776o0395o
59776.42927765	16.4	0.02	1001.3605704504436	23.015446419546738	o	16.4	1.63	284.214544175824	36.6188186813187	7301.8	5730.41	2.86	2.68	16.4	-0.4657	19.0	182.0	01a59776o0406o
59778.44645725	16.38	0.02	1020.8613202434288	21.967901828023148	o	16.38	1.59	284.214544175824	36.6188186813187	894.54	2980.29	2.3	1.99	16.38	-0.4307	19.06	184.2	02a59778o0436o
59778.46311785	16.39	0.02	1012.0303974084063	20.491945623774647	o	16.39	1.63	284.214544175824	36.6188186813187	874.86	2940.3	2.21	1.9	16.39	-0.4427	19.24	185.0	02a59778o0471o
59778.47174145	16.38	0.02	1021.7569188397213	18.849557916739297	o	16.38	2.4	284.214544175824	36.6188186813187	935.86	3015.85	2.21	1.92	16.38	-0.4407	19.27	180.7	02a59778o0490o
59778.47596415	16.33	0.02	1061.8617793247658	24.066519044950475	o	16.33	7.93	284.214544175824	36.6188186813187	954.67	2897.02	2.29	1.98	16.33	-0.4347	19.29	189.6	02a59778o0499o
59779.42694035	16.38	0.02	1016.6164155507994	17.662868047362984	o	16.38	2.59	284.214544175824	36.6188186813187	7356.49	5647.31	2.82	2.66	16.38	-0.4557	19.32	181.8	01a59779o0407o
59779.43014375	16.42	0.02	978.9041249630122	18.242715709336792	o	16.42	1.67	284.21454367347	36.6188202040816	7378.16	5685.23	2.82	2.66	16.42	-0.4577	19.33	181.9	01a59779o0414o
59779.43800585	16.43	0.02	974.2679480328592	17.616188630209674	o	16.43	2.11	284.21454367347	36.6188202040816	7318.31	5611.02	2.84	2.67	16.43	-0.4627	19.31	182.2	01a59779o0430o
59779.44292795	16.37	0.02	1030.2448175935124	16.914143500798563	o	16.37	2.42	284.21454367347	36.6188202040816	881.35	2970.48	2.23	1.89	16.37	-0.4467	19.45	182.3	02a59779o0205o
59779.44654935	16.37	0.02	1031.0620224538893	17.17513309837215	o	16.37	2.39	284.21454367347	36.6188202040816	861.68	2931.5	2.26	1.92	16.37	-0.4377	19.45	176.7	02a59779o0213o
59779.45243795	16.41	0.02	995.3016456427547	17.607757232041273	o	16.41	1.9	284.21454367347	36.6188202040816	921.72	3007.36	2.29	1.97	16.41	-0.4417	19.42	180.9	02a59779o0226o
59779.45482365	16.41	0.02	990.441251866354	18.949529539401734	o	16.41	1.85	284.21454367347	36.6188202040816	7306.56	5728.83	2.86	2.69	16.41	-0.4577	19.27	181.7	01a59779o0465o
59779.46383215	16.37	0.02	1026.4433689018547	18.323133237655973	o	16.37	1.84	284.21454367347	36.6188202040816	943.22	2890.17	2.3	1.96	16.37	-0.4417	19.38	182.8	02a59779o0251o
59780.41718725	16.46	0.02	945.9293057431978	16.0144014097669	o	16.46	2.73	284.21454301886797	36.6188216981132	7353.25	5647.75	2.8	2.64	16.46	-0.4607	19.46	181.5	01a59780o0376o
59780.43899935	16.47	0.02	935.9014461479917	17.273657164325787	o	16.47	1.83	284.21454301886797	36.6188216981132	7381.65	5686.84	2.83	2.67	16.47	-0.4577	19.42	180.8	01a59780o0421o
59780.44219305	16.46	0.02	946.2570267341592	17.156964008618502	o	16.46	2.16	284.21454301886797	36.6188216981132	7321.23	5612.48	2.97	2.81	16.46	-0.4497	19.35	180.7	01a59780o0428o
59780.47094645	16.4	0.02	1003.9822466843553	17.417757249662582	o	16.4	1.59	284.21454301886797	36.6188216981132	7313.35	5734.25	2.87	2.7	16.4	-0.4567	19.3	181.9	01a59780o0489o
59781.41832975	17.06	0.03	542.2937206009153	12.784644708467171	c	17.06	2.29	284.21454301886797	36.6188216981132	884.8	2975.15	2.52	2.32	17.06	-0.4097	19.63	180.5	02a59781o0387c
59781.42240055	17.11	0.03	517.9712907715258	13.317259167332866	c	17.11	1.17	284.21454301886797	36.6188216981132	865.52	2938.31	2.53	2.31	17.11	-0.4097	19.67	181.6	02a59781o0396c
59781.43635625	17.05	0.03	548.9641287261558	13.712282285149454	c	17.05	1.79	284.21454301886797	36.6188216981132	926.25	3012.9	2.68	2.47	17.05	-0.3977	19.57	180.1	02a59781o0425c
59781.44212305	17.0	0.03	574.4564097420399	13.457039321413028	c	17.0	1.81	284.21454301886797	36.6188216981132	945.81	2895.59	2.56	2.35	17.0	-0.4077	19.6	181.9	02a59781o0436c
59782.51563765	16.45	0.02	954.150453553434	17.140427309343124	o	16.45	2.08	284.21454220339	36.618823389830496	883.4	2976.63	2.46	2.05	16.45	-0.4267	19.32	181.3	02a59782o0516o
59782.52201085	16.46	0.02	945.7324847166057	17.26639729041294	o	16.46	2.33	284.21454220339	36.618823389830496	867.73	2935.17	2.14	1.87	16.46	-0.4527	19.48	182.1	02a59782o0530o
59782.53664815	16.44	0.02	960.6984960839957	18.318137707752822	o	16.44	1.57	284.21454220339	36.618823389830496	931.53	3007.0	2.34	2.05	16.44	-0.4297	19.3	178.1	02a59782o0561o
59782.56005315	16.43	0.02	974.0285200944894	18.65869913065841	o	16.43	1.86	284.21454220339	36.618823389830496	945.51	2892.08	2.17	1.9	16.43	-0.4427	19.33	180.4	02a59782o0609o
59783.38745125	16.52	0.02	897.2533082066913	16.265478690643466	o	16.52	1.97	284.21454220339	36.618823389830496	7346.54	5645.67	2.77	2.61	16.52	-0.4657	19.44	181.3	01a59783o0331o
59783.39434235	16.51	0.02	907.2115627273247	16.934615837576732	o	16.51	1.87	284.21454220339	36.618823389830496	7369.94	5684.3	2.74	2.56	16.51	-0.4747	19.44	181.0	01a59783o0346o
59783.39553985	17.21	0.03	473.86879917359863	12.449539801297526	c	17.21	1.53	284.21454220339	36.618823389830496	887.91	2975.08	2.45	2.23	17.21	-0.4167	19.67	180.1	02a59783o0339c
59783.39871325	17.24	0.03	461.26749723163186	12.935226143818527	c	17.24	1.38	284.21454220339	36.618823389830496	867.65	2936.43	2.46	2.26	17.24	-0.4167	19.68	180.6	02a59783o0346c
59783.40460355	17.22	0.03	471.93779547471513	12.846646541489402	c	17.22	1.65	284.21454220339	36.618823389830496	926.73	3012.0	2.54	2.33	17.22	-0.4097	19.67	178.8	02a59783o0359c
59783.40788735	16.53	0.02	888.938775961989	16.746099390178756	o	16.53	2.28	284.21454220339	36.618823389830496	7311.63	5608.22	2.74	2.57	16.53	-0.4727	19.45	181.4	01a59783o0374o
59783.41107615	16.49	0.02	916.9441844877699	16.401750616896653	o	16.49	2.32	284.21454220339	36.618823389830496	7296.59	5726.49	2.64	2.64	16.49	-0.4787	19.51	181.2	01a59783o0381o
59783.41546975	17.19	0.03	482.5992610550955	12.119450968934395	c	17.19	2.33	284.21454220339	36.618823389830496	944.93	2894.33	2.49	2.28	17.19	-0.4147	19.7	181.1	02a59783o0383c
59785.41781485	16.6	0.02	829.3396542920499	16.828966011370472	o	16.6	2.18	284.2145422222225	36.61882563492064	9910.6	9027.7	3.01	2.84	16.6	-0.4397	19.38	181.8	01a59785o0212o
59785.42100365	16.63	0.02	811.4664921406282	16.353390043139832	o	16.63	1.87	284.2145422222225	36.61882563492064	9932.48	9066.8	2.86	2.7	16.63	-0.4567	19.43	182.0	01a59785o0219o
59785.42783345	16.54	0.02	882.8586023403633	16.98931616978801	o	16.54	1.63	284.2145422222225	36.61882563492064	9871.08	8992.64	2.98	2.66	16.54	-0.4667	19.42	181.8	01a59785o0234o
59785.44150595	16.64	0.03	801.4117913732017	18.815755101805607	o	16.64	1.33	284.2145422222225	36.61882563492064	9859.03	9113.41	3.22	2.95	16.64	-0.4527	19.32	180.0	01a59785o0264o
59785.44462295	17.23	0.03	465.99407392887156	11.914240901944721	c	17.23	1.86	284.2145422222225	36.61882563492064	889.77	2977.69	2.46	2.25	17.23	-0.4157	19.66	180.7	02a59785o0276c
59785.44830515	17.33	0.03	425.53914341334166	12.448203877274224	c	17.33	1.67	284.2145422222225	36.61882563492064	870.11	2939.5	2.48	2.26	17.33	-0.4127	19.66	180.9	02a59785o0284c
59785.47064045	17.29	0.03	442.3100802285778	13.311845417986982	c	17.29	1.05	284.2145422222225	36.61882563492064	931.65	3014.19	2.49	2.26	17.29	-0.4137	19.63	180.7	02a59785o0333c
59785.48342625	17.38	0.03	406.02045685678655	13.155505934991384	c	17.38	1.56	284.2145422222225	36.61882563492064	951.46	2900.22	2.49	2.27	17.38	-0.4137	19.63	179.9	02a59785o0361c
59786.41625905	17.4	0.03	396.4067147346762	12.104021823959574	c	17.4	2.07	284.2145411643837	36.618830753424646	8891.92	9561.35	2.46	2.24	17.4	-0.4297	19.71	181.2	02a59786o0386c
59786.41944735	17.41	0.03	392.8733466281898	11.604954480553902	c	17.41	1.86	284.2145411643837	36.618830753424646	8872.39	9523.12	2.44	2.23	17.41	-0.4327	19.72	181.6	02a59786o0393c
59786.42532535	17.44	0.03	383.2407015855015	11.428120782369325	c	17.44	2.47	284.2145411643837	36.618830753424646	8928.8	9599.46	2.46	2.25	17.44	-0.4347	19.75	181.7	02a59786o0406c
59786.43551125	17.45	0.03	378.56335974435723	11.5792755152949	c	17.45	2.37	284.2145411643837	36.618830753424646	8946.31	9485.26	2.46	2.23	17.45	-0.4317	19.73	181.0	02a59786o0428c
59787.37310205	16.65	0.02	796.9798356354711	16.97643717684352	o	16.65	2.28	284.2145411643837	36.618830753424646	9894.35	9025.49	2.82	2.63	16.65	-0.4727	19.45	182.5	01a59787o0300o
59787.37674755	16.71	0.02	751.4073110085234	16.564795317730116	o	16.71	1.55	284.2145411643837	36.618830753424646	9917.37	9064.07	2.77	2.58	16.71	-0.4747	19.45	181.3	01a59787o0308o
59787.38277085	16.65	0.02	791.6289276239978	16.34055672905717	o	16.65	1.81	284.2145411643837	36.618830753424646	9855.77	8989.1	2.77	2.61	16.65	-0.4707	19.46	181.4	01a59787o0321o
59787.39386215	16.69	0.02	764.4171444291507	16.046924787634847	o	16.69	2.12	284.2145411643837	36.618830753424646	9842.66	9107.16	2.82	2.62	16.69	-0.4747	19.46	182.2	01a59787o0344o
59788.42269765	16.7	0.02	756.149770634657	16.921863025635723	o	16.7	1.82	284.2145411643837	36.618830753424646	9905.73	9030.69	2.87	2.58	16.7	-0.4757	19.47	180.3	01a59788o0393o
59788.42703445	16.71	0.02	749.880333162903	16.197709700131437	o	16.71	1.69	284.2145411643837	36.618830753424646	9928.11	9069.3	2.88	2.58	16.71	-0.4747	19.49	181.4	01a59788o0402o
59788.43261475	16.69	0.02	764.1777409157249	15.847428434712405	o	16.69	1.76	284.2145411643837	36.618830753424646	9865.77	8994.37	2.87	2.58	16.69	-0.4797	19.48	181.1	01a59788o0412o
59788.46502435	16.76	0.02	720.4476075362477	15.635467730470777	o	16.76	1.75	284.2145411643837	36.618830753424646	9859.67	9119.07	2.76	2.52	16.76	-0.4777	19.47	181.8	01a59788o0479o
59789.39136425	16.69	0.02	762.6013887206464	16.642135568999983	o	16.69	1.66	284.2145411643837	36.618830753424646	9906.01	9023.72	2.93	2.7	16.69	-0.4687	19.42	181.8	01a59789o0154o
59789.40818025	16.74	0.03	732.2822953356165	17.32020830551788	o	16.74	2.09	284.2145411643837	36.618830753424646	9931.12	9064.47	2.96	2.79	16.74	-0.4547	19.34	181.1	01a59789o0189o
59789.41138925	16.76	0.03	714.7386437545782	16.683088736286226	o	16.76	1.74	284.2145411643837	36.618830753424646	9867.77	8989.57	3.17	2.85	16.76	-0.4497	19.31	181.2	01a59789o0196o
59789.41872545	16.8	0.03	694.9006659278797	17.272865501075398	o	16.8	1.66	284.2145411643837	36.618830753424646	9852.68	9110.1	3.12	2.97	16.8	-0.4317	19.3	181.7	01a59789o0212o
59789.46534715	17.68	0.05	308.4885583110808	14.863539627715706	c	17.68	1.72	284.2145411643837	36.618830753424646	8882.95	9562.31	2.39	2.17	17.68	-0.4307	19.55	178.8	02a59789o0256c
59789.48494035	17.7	0.05	303.0566845362792	15.300624348360625	c	17.7	1.67	284.2145411643837	36.618830753424646	8860.41	9524.28	2.4	2.18	17.7	-0.4217	19.29	180.5	02a59789o0296c
59789.50422825	17.7	0.04	301.12225604403017	12.508155251059716	c	17.7	1.92	284.2145411643837	36.618830753424646	8912.87	9605.86	2.66	2.35	17.7	-0.4137	19.59	181.7	02a59789o0333c
59789.51106925	17.71	0.06	299.13211030886623	18.427396747495944	c	17.71	1.48	284.2145411643837	36.618830753424646	8930.63	9488.61	2.55	2.3	17.71	-0.4137	19.34	181.4	02a59789o0348c
59790.37614615	17.63	0.04	322.54193839860324	11.759341504115744	c	17.63	2.73	284.2145404000001	36.61883246666665	8897.01	9564.03	2.47	2.24	17.63	-0.4277	19.62	182.4	02a59790o0296c
59790.40360315	17.59	0.04	335.73557069014464	11.956588515067875	c	17.59	1.82	284.2145404000001	36.61883246666665	8870.24	9524.17	2.5	2.27	17.59	-0.4297	19.73	182.0	02a59790o0354c
59790.40676595	17.65	0.04	315.114178944297	11.710778969736795	c	17.65	1.74	284.2145404000001	36.61883246666665	8928.02	9604.67	2.49	2.26	17.65	-0.4297	19.69	181.1	02a59790o0361c
59790.41735715	17.71	0.04	298.36797080088155	11.64230739059701	c	17.71	1.63	284.2145404000001	36.61883246666665	8945.96	9491.58	2.49	2.25	17.71	-0.4287	19.68	181.8	02a59790o0384c
59791.39979215	16.81	0.03	683.4494128187002	16.268101163135405	o	16.81	1.57	284.21454175324686	36.61883318181817	9900.14	9025.47	2.81	2.6	16.81	-0.4727	19.41	181.7	01a59791o0340o
59791.42297495	16.78	0.02	702.6495242210208	16.179429834036664	o	16.78	2.24	284.21454175324686	36.61883318181817	9926.68	9067.05	3.2	2.97	16.78	-0.4377	19.28	181.9	01a59791o0387o
59791.45091845	16.84	0.03	665.0038608987512	17.83133380958797	o	16.84	1.73	284.21454175324686	36.61883318181817	9869.23	8998.47	3.05	2.81	16.84	-0.4527	19.33	182.0	01a59791o0445o
59791.46341105	16.81	0.03	687.8129713743082	17.751391985095637	o	16.81	2.01	284.21454175324686	36.61883318181817	9853.39	9119.17	3.08	2.85	16.81	-0.4467	19.26	181.0	01a59791o0470o
59792.39086185	16.86	0.03	653.8643865055326	16.720885292737382	o	16.86	1.77	284.21454158227857	36.61883278481013	7540.18	7184.6	2.91	2.76	16.86	-0.4507	19.4	181.5	01a59792o0318o
59792.41563525	16.94	0.03	607.6801484471797	16.007995699771758	o	16.94	1.55	284.21454158227857	36.61883278481013	7565.22	7224.67	3.03	2.85	16.94	-0.4407	19.38	182.3	01a59792o0368o
59792.41976825	16.81	0.03	688.3007924101236	16.03331525208564	o	16.81	1.61	284.21454158227857	36.61883278481013	7506.18	7149.53	2.87	2.7	16.81	-0.4547	19.42	182.2	01a59792o0377o
59792.44849445	16.85	0.03	661.6623683118695	17.002030877392794	o	16.85	1.71	284.21454158227857	36.61883278481013	7496.86	7274.26	2.97	2.81	16.85	-0.4447	19.33	181.2	01a59792o0436o
59793.38311645	16.92	0.03	618.6831380343563	16.74150175891083	o	16.92	1.56	284.2145400000001	36.61883325301205	7542.33	7188.04	2.87	2.7	16.92	-0.4547	19.32	181.2	01a59793o0326o
59793.38631275	16.82	0.03	679.6937484865092	17.225994164931755	o	16.82	1.9	284.2145400000001	36.61883325301205	7564.83	7226.33	2.83	2.67	16.82	-0.4547	19.34	182.4	01a59793o0333o
59793.39316385	16.93	0.03	613.5264111114651	17.072997077608097	o	16.93	2.13	284.2145400000001	36.61883325301205	7504.96	7151.49	2.83	2.66	16.93	-0.4597	19.37	180.9	01a59793o0348o
59793.39898855	17.93	0.05	244.19386286200614	12.23321856341457	c	17.93	1.63	284.2145400000001	36.61883325301205	8898.04	9566.09	2.69	2.46	17.93	-0.4147	19.59	179.7	02a59793o0346c
59793.40319945	16.9	0.03	629.7713311478474	16.256930812851447	o	16.9	1.58	284.2145400000001	36.61883325301205	7491.46	7269.51	2.85	2.69	16.9	-0.4467	19.36	181.1	01a59793o0370o
59793.42131895	17.88	0.05	256.58157400987017	12.196115732117779	c	17.88	1.76	284.2145400000001	36.61883325301205	8871.25	9526.75	2.65	2.44	17.88	-0.4197	19.61	181.1	02a59793o0391c
59793.42748095	17.84	0.05	264.93191193355847	11.669619930406745	c	17.84	1.98	284.2145400000001	36.61883325301205	8931.49	9605.99	2.57	2.57	17.84	-0.4177	19.6	180.8	02a59793o0403c
59793.43136065	17.87	0.05	258.4330347101469	11.865346498450196	c	17.87	2.61	284.2145400000001	36.61883325301205	8949.94	9488.46	2.56	2.35	17.87	-0.4267	19.67	180.8	02a59793o0411c
