#expname,ra,dec,mag,dm,snr,filter,zp,mjd,x,y,peakval,skyval,peakfit,dpeak,skyfit,flux,dflux,chin,major,minor,snrdet,snrlimit,apfit,uJy,duJy,mag5sig,texp
01a59721o0435o,284.214665,36.6187966666667,>20.12,0.0,3.0,o,22.157,59721.43231405,4669.72,1178.4,186.0,181.3,2.1,7.2,183.1,701.3,524.9,1.49,3.24,2.79,1.0,3.0,-0.3907,4.515722579739196,15.482477416248669,19.11,30.0
01a59721o0451o,284.214665,36.6187966666667,18.16,0.08,12.98,o,22.162,59721.43968495,4649.89,1138.19,296.0,182.6,110.3,8.5,183.6,2378.2,541.7,9.25,2.75,2.57,1.0,3.0,-0.4687,198.33532623423798,15.284227316328403,19.24,30.0
01a59721o0480o,284.214665,36.6187966666667,>20.19,0.0,3.0,o,22.17,59721.45303945,4710.82,1212.87,174.0,181.5,-2.9,8.7,180.8,795.0,533.9,1.44,2.77,2.58,1.0,3.0,-0.4537,-5.162454276994847,15.48736283098454,19.24,30.0
01a59721o0494o,284.214665,36.6187966666667,>19.733943297944485,0.0,1.36,o,22.173,59721.45949175,4729.86,1093.76,177.0,182.8,12.0,8.8,180.5,412.2,604.8,1.47,2.72,2.56,1.0,3.0,-0.4667,21.006266003289085,15.404595069078665,19.24,30.0
02a59721o0520o,284.214665,36.6187966666667,>20.38,0.0,3.0,o,22.104,59721.48230885,5344.22,5347.95,169.0,179.3,-15.9,12.2,178.8,129.6,663.6,1.39,2.17,1.84,1.0,3.0,-0.4577,-16.866828397595143,12.94184317299753,19.45,30.0
02a59721o0524o,284.214665,36.6187966666667,>20.36,0.0,3.0,o,22.103,59721.48419465,5362.98,5386.7,175.0,182.2,-9.0,11.2,180.7,219.8,606.8,1.48,2.3,1.93,1.0,3.0,-0.4457,-10.507185503168222,13.075608626164895,19.4,30.0
02a59721o0531o,284.214665,36.6187966666667,>20.4,0.0,3.0,o,22.104,59721.48739425,5304.52,5309.63,198.0,179.3,2.5,11.2,182.0,2380.9,773.6,0.93,2.26,1.9,1.0,3.0,-0.4487,2.828530030810645,12.67181453803169,19.4,30.0
02a59721o0550o,284.214665,36.6187966666667,>20.37,0.0,3.0,o,22.108,59721.49711865,5288.66,5425.04,169.0,179.0,0.9,12.1,180.8,1057.8,682.4,0.92,2.2,1.87,1.0,3.0,-0.4537,0.9764849228693689,13.128297296354846,19.49,30.0
02a59723o0422c,284.214665,36.6187966666667,>20.18,0.0,3.0,c,22.129,59723.42987435,3835.63,9514.55,158.0,177.6,-16.7,8.1,176.2,-1124.0,588.2,1.04,2.99,2.49,1.0,3.0,-0.3827,-30.126296901376744,14.61215598210489,19.39,30.0
02a59723o0474c,284.214665,36.6187966666667,>20.15,0.0,3.0,c,22.144,59723.45386445,3872.67,9558.58,208.0,179.0,1.2,8.6,177.5,-695.9,605.4,1.06,2.93,2.48,1.0,3.0,-0.3887,2.0953631044769367,15.016768915418044,19.42,30.0
02a59723o0524c,284.214665,36.6187966666667,>20.23,0.0,3.0,c,22.156,59723.47699055,3805.5,9478.38,167.0,179.3,-9.5,7.8,177.3,-696.9,557.9,1.38,3.03,2.49,1.0,3.0,-0.3797,-16.89368243689644,13.870602421872865,19.42,30.0
02a59723o0536c,284.214665,36.6187966666667,>20.21,0.0,3.0,c,22.158,59723.48261475,3794.05,9597.99,153.0,177.3,-2.7,9.2,176.7,-1845.3,728.5,1.11,2.73,2.4,1.0,3.0,-0.3977,-4.2315200030358815,14.418512602937078,19.51,30.0
01a59723o0593o,284.214665,36.6187966666667,>20.2,0.0,3.0,o,22.206,59723.51084825,4668.31,1167.11,182.0,182.6,-6.3,7.4,181.7,-466.0,528.1,1.49,3.03,2.84,1.0,3.0,-0.4477,-12.99152888583717,15.259891072253183,19.25,30.0
02a59723o0604c,284.214665,36.6187966666667,>20.28,0.0,3.0,c,22.164,59723.51450185,3833.01,9541.83,175.0,178.6,-9.8,8.4,176.4,-612.7,666.7,1.31,2.76,2.45,1.0,3.0,-0.3967,-15.749254005684,13.499360576300571,19.52,30.0
01a59723o0601o,284.214665,36.6187966666667,>20.15,0.0,3.0,o,22.207,59723.51460555,4647.32,1127.85,189.0,182.4,-5.8,7.7,182.3,173.0,587.1,1.41,3.05,2.82,1.0,3.0,-0.4547,-12.020864077238997,15.958733343920741,19.21,30.0
01a59723o0651o,284.214665,36.6187966666667,>19.805272074306515,0.0,2.55,o,22.208,59723.53916975,4704.64,1200.48,201.0,180.6,18.9,7.4,180.4,374.1,685.8,1.6,2.94,2.73,1.0,3.0,-0.4637,36.82396311794205,14.417847993268317,19.3,30.0
01a59723o0680o,284.214665,36.6187966666667,>19.79138969543007,0.0,1.01,o,22.207,59723.55282795,5828.01,9478.36,171.0,182.1,7.7,7.6,178.6,-84.3,547.2,1.17,2.93,2.72,1.0,3.0,-0.4607,14.86914493973035,14.676039161292293,19.34,30.0
01a59725o0537o,284.214665,36.6187966666667,>20.07,0.0,3.0,o,22.195,59725.48047225,4672.53,1166.12,174.0,182.2,3.8,8.1,184.6,529.0,676.3,1.08,3.04,2.88,1.0,3.0,-0.4337,7.950755773451422,16.947663622356977,19.14,30.0
01a59725o0559o,284.214665,36.6187966666667,>20.17,0.0,3.0,o,22.198,59725.49107525,4650.34,1125.64,176.0,181.7,-9.5,7.4,181.2,-419.5,551.3,1.66,3.04,2.87,1.0,3.0,-0.4317,-19.716863549336935,15.358398975272987,19.17,30.0
01a59725o0563o,284.214665,36.6187966666667,>20.16,0.0,3.0,o,22.197,59725.49291725,4711.48,1202.02,194.0,182.9,3.5,7.4,179.6,-621.9,505.8,1.55,3.07,2.88,1.0,3.0,-0.4267,7.334282818800198,15.506769388320425,19.15,30.0
01a59725o0574o,284.214665,36.6187966666667,>20.08,0.0,3.0,o,22.197,59725.49804565,4730.9,1084.89,206.0,182.0,4.7,7.9,183.5,971.1,515.8,1.38,3.06,2.9,1.0,3.0,-0.4337,9.94892203679263,16.72265618950251,19.15,30.0
02a59726o0570c,284.214665,36.6187966666667,>20.35,0.0,3.0,c,22.159,59726.50337455,3858.53,9517.7,150.0,176.6,1.2,8.9,174.1,671.1,713.7,1.18,2.57,2.32,1.0,3.0,-0.4157,1.7384455775882504,12.893471367112861,19.62,30.0
02a59726o0574c,284.214665,36.6187966666667,>20.35,0.0,3.0,c,22.16,59726.50526015,3879.19,9557.2,187.0,179.2,-1.2,9.0,176.0,-1053.6,660.5,1.33,2.55,2.31,1.0,3.0,-0.4177,-1.7190644198663954,12.892983148997967,19.66,30.0
02a59726o0581c,284.214665,36.6187966666667,>19.982972923794264,0.0,1.54,c,22.162,59726.50846105,3819.26,9478.29,199.0,177.1,12.9,8.4,178.4,517.2,532.9,1.34,2.59,2.33,1.0,3.0,-0.4147,18.845347093247103,12.271388804905088,19.67,30.0
02a59726o0626c,284.214665,36.6187966666667,>20.36,0.0,3.0,c,22.163,59726.53070415,3802.96,9597.44,179.0,175.9,5.8,8.3,173.5,20.0,544.7,1.64,2.65,2.39,1.0,3.0,-0.4107,8.851778006417067,12.667199560907186,19.65,30.0
02a59727o0538c,284.214665,36.6187966666667,>19.73,0.0,3.0,c,21.66,59727.48446275,3849.13,9518.97,175.0,176.5,-8.6,9.2,178.3,-258.6,710.3,1.15,2.7,2.38,1.0,3.0,-0.4017,-20.989298201078302,22.453667843014,19.0,30.0
02a59727o0544c,284.214665,36.6187966666667,>19.87,0.0,3.0,c,21.804,59727.48721795,3873.05,9558.14,209.0,179.6,1.7,9.1,173.1,-2596.4,593.9,1.2,2.74,2.38,1.0,3.0,-0.3997,3.6807403871968765,19.702786778524455,19.13,30.0
02a59727o0556c,284.214665,36.6187966666667,>19.691989642577767,0.0,1.68,c,21.98,59727.49276595,3812.53,9480.78,181.0,181.1,14.3,8.5,176.6,-1096.6,521.7,1.0,2.78,2.41,1.0,3.0,-0.3977,26.9995559297218,16.048687091093377,19.32,30.0
02a59727o0578c,284.214665,36.6187966666667,>19.8,0.0,3.0,c,21.747,59727.50313715,3794.75,9599.35,170.0,175.5,-6.6,9.3,177.5,1202.6,646.1,1.16,2.7,2.39,1.0,3.0,-0.3997,-14.90267896469549,20.999229450252734,19.12,30.0
01a59728o0565o,284.214665,36.6187966666667,>17.41,0.0,3.0,o,19.403,59728.50272215,1214.2,9585.52,200.0,175.6,-24.7,9.6,179.8,9.0,692.6,1.47,2.63,2.49,1.0,3.0,-0.4927,-534.0855082996305,207.57979269945156,16.62,30.0
02a59730o0663c,284.214665,36.6187966666667,>20.02,0.0,3.0,c,21.664,59730.54660785,1240.09,5005.0,171.0,179.4,-2.7,7.0,180.5,1121.9,505.6,1.53,2.7,2.4,1.0,3.0,-0.4027,-6.6267031340117635,17.180341458549016,18.99,30.0
02a59730o0670c,284.214665,36.6187966666667,>20.47,0.0,3.0,c,22.12,59730.54988945,1220.33,4966.35,208.0,178.4,1.3,7.0,179.7,990.6,503.0,1.83,2.72,2.41,1.0,3.0,-0.4007,2.1168400526779103,11.398369514419517,19.45,30.0
02a59730o0735c,284.214665,36.6187966666667,>19.8486206901438,0.0,1.66,c,21.987,59730.58212455,1275.5,5041.83,191.0,178.1,11.3,6.8,178.3,809.9,515.3,1.42,2.84,2.6,1.0,3.0,-0.3877,23.148821002954264,13.930263966379558,19.32,30.0
02a59730o0791c,284.214665,36.6187966666667,>20.25,0.0,3.0,c,22.145,59730.61086735,1289.36,4925.54,169.0,179.2,-13.1,7.9,179.5,-204.8,717.2,1.31,2.83,2.56,1.0,3.0,-0.3957,-22.93276611235655,13.829683380734107,19.29,30.0
01a59731o0486o,284.214665,36.6187966666667,>20.27,0.0,3.0,o,22.197,59731.46881745,1170.94,9549.04,161.0,180.9,-15.0,7.8,177.0,-2318.4,636.0,1.25,2.83,2.68,1.0,3.0,-0.4597,-27.795291556064928,14.453551609153763,19.37,30.0
01a59731o0523o,284.214665,36.6187966666667,>20.26,0.0,3.0,o,22.2,59731.48827195,1155.15,9509.47,177.0,178.6,-1.3,8.0,176.2,-596.1,625.9,1.12,2.81,2.66,1.0,3.0,-0.4607,-2.3696819151374435,14.582657939307346,19.37,30.0
01a59731o0530o,284.214665,36.6187966666667,>20.27,0.0,3.0,o,22.201,59731.49149535,1213.96,9584.29,176.0,178.3,-9.9,7.9,179.2,188.1,620.0,1.45,2.82,2.67,1.0,3.0,-0.4567,-18.0948217617218,14.439302213899213,19.36,30.0
01a59731o0538o,284.214665,36.6187966666667,>20.28,0.0,3.0,o,22.2,59731.49517785,1231.75,9465.24,134.0,178.4,-9.0,7.7,177.0,-520.3,641.6,1.77,2.83,2.68,1.0,3.0,-0.4567,-16.58526764221664,14.189617871674233,19.39,30.0
01a59732o0484o,284.214665,36.6187966666667,>19.771634209710392,0.0,2.16,o,22.201,59732.46599115,1172.01,9546.74,193.0,187.1,17.9,8.3,180.8,-859.4,682.8,1.45,2.79,2.64,1.0,3.0,-0.4637,32.21216436182853,14.936366715261277,19.36,30.0
01a59732o0489o,284.214665,36.6187966666667,>20.21,0.0,3.0,o,22.201,59732.46829615,1151.86,9508.12,170.0,179.1,-12.1,8.3,173.7,-2054.9,627.0,1.58,2.82,2.68,1.0,3.0,-0.4567,-22.198724325241724,15.227224123926145,19.31,30.0
01a59732o0497o,284.214665,36.6187966666667,>19.820687156361224,0.0,1.56,o,22.202,59732.47197955,1210.81,9583.83,188.0,180.1,12.8,8.2,178.0,-377.4,553.0,1.57,2.74,2.59,1.0,3.0,-0.4677,22.254561519972324,14.256828473732266,19.39,30.0
01a59732o0520o,284.214665,36.6187966666667,>20.27,0.0,3.0,o,22.203,59732.48380625,1231.06,9465.45,211.0,179.8,6.8,8.0,176.7,-982.1,596.6,1.64,2.8,2.65,1.0,3.0,-0.4607,12.270762862345988,14.436191602759983,19.37,30.0
02a59733o0462c,284.214665,36.6187966666667,>20.10685094422916,0.0,1.85,c,22.162,59733.45777605,9351.12,5579.35,195.0,179.4,12.6,6.8,177.0,-418.7,503.2,1.17,2.74,2.47,1.0,3.0,-0.4017,20.397493644263772,11.008171173094736,19.64,30.0
02a59733o0466c,284.214665,36.6187966666667,>20.54,0.0,3.0,c,22.163,59733.45960235,9370.63,5618.33,169.0,180.6,-2.2,7.1,178.6,-1050.1,550.4,1.12,2.65,2.38,1.0,3.0,-0.4087,-3.3373692268705364,10.770600686718547,19.59,30.0
02a59733o0472c,284.214665,36.6187966666667,>20.54,0.0,3.0,c,22.163,59733.46234285,9312.4,5542.41,182.0,179.4,3.0,7.0,177.4,-806.3,494.5,1.4,2.66,2.4,1.0,3.0,-0.4027,4.581132766819473,10.689309789245437,19.59,30.0
02a59733o0490c,284.214665,36.6187966666667,>20.63,0.0,3.0,c,22.166,59733.47150665,9291.62,5660.42,169.0,178.3,2.5,6.6,178.6,231.3,488.6,1.35,2.65,2.35,1.0,3.0,-0.4107,3.7412134771947136,9.876803579794041,19.65,30.0
02a59734o0411c,284.214665,36.6187966666667,>20.52,0.0,3.0,c,22.149,59734.44006655,9351.81,5578.66,160.0,178.6,-3.6,7.2,177.8,-764.4,480.4,1.01,2.63,2.36,1.0,3.0,-0.4087,-5.444136397718415,10.88827279543683,19.58,30.0
02a59734o0417c,284.214665,36.6187966666667,>20.54,0.0,3.0,c,22.15,59734.44280875,9371.98,5617.42,179.0,180.9,3.3,7.2,178.7,-637.6,430.3,0.9,2.61,2.35,1.0,3.0,-0.4107,4.936067099802117,10.7696009450228,19.6,30.0
02a59734o0462c,284.214665,36.6187966666667,>20.67,0.0,3.0,c,22.157,59734.46667755,9315.48,5543.71,149.0,180.4,-14.2,6.5,177.9,-1084.7,429.3,1.45,2.59,2.33,1.0,3.0,-0.4117,-20.78273857949649,9.51322540610755,19.64,30.0
02a59734o0472c,284.214665,36.6187966666667,>20.56,0.0,3.0,c,22.158,59734.47126165,9296.78,5660.2,196.0,177.7,-1.4,7.3,177.5,535.1,530.7,1.23,2.58,2.31,1.0,3.0,-0.4157,-2.0291701583520982,10.580672968550227,19.64,30.0
01a59735o0436o,284.214665,36.6187966666667,>19.7,0.0,3.0,o,21.792,59735.44552405,1170.52,9551.99,-123.0,-160.3,-9.5,10.0,-112.7,26615.5,842.9,2.62,2.71,2.54,1.0,3.0,-0.4817,-23.674747624067702,24.920786972702842,18.96,30.0
01a59735o0441o,284.214665,36.6187966666667,>19.50596821641003,0.0,1.1,o,21.903,59735.44782525,1151.12,9513.74,191.0,180.3,9.2,8.4,176.5,-1169.8,592.3,1.08,2.74,2.57,1.0,3.0,-0.4717,20.981196866803526,19.15674496534235,19.05,30.0
01a59735o0452o,284.214665,36.6187966666667,>20.23,0.0,3.0,o,22.174,59735.45298575,1210.8,9588.82,189.0,177.7,-6.0,8.7,177.1,-48.5,669.2,1.59,2.7,2.55,1.0,3.0,-0.4727,-10.433113697858197,15.128014861894382,19.36,30.0
01a59735o0488o,284.214665,36.6187966666667,>20.26,0.0,3.0,o,22.203,59735.47150565,1230.27,9467.2,195.0,178.3,-2.9,8.8,176.4,-425.6,650.7,1.53,2.69,2.54,1.0,3.0,-0.4747,-4.881381375489628,14.812467622175426,19.42,30.0
01a59736o0447o,284.214665,36.6187966666667,>19.83266223224155,0.0,1.22,o,22.204,59736.44914715,3071.21,9367.91,212.0,181.8,10.0,8.2,180.1,606.9,488.7,1.52,2.73,2.57,1.0,3.0,-0.4707,17.204993609763477,14.108094760006049,19.4,30.0
01a59736o0494o,284.214665,36.6187966666667,>20.36,0.0,3.0,o,22.207,59736.47376505,3057.71,9326.75,184.0,181.5,1.8,7.5,179.7,-429.7,527.9,1.53,2.78,2.62,1.0,3.0,-0.4617,3.1796355034477495,13.248481264365623,19.41,30.0
01a59736o0498o,284.214665,36.6187966666667,>20.38,0.0,3.0,o,22.207,59736.47560555,3115.49,9401.65,186.0,182.1,5.8,7.6,180.6,332.7,586.0,1.57,2.74,2.59,1.0,3.0,-0.4667,10.028525098291897,13.140825990865244,19.42,30.0
01a59736o0508o,284.214665,36.6187966666667,>20.27,0.0,3.0,o,22.207,59736.48021335,3133.35,9283.3,198.0,206.1,-8.1,8.2,190.7,-9250.5,613.9,2.32,2.77,2.62,1.0,3.0,-0.4667,-14.322697663659802,14.499521091606221,19.42,30.0
02a59737o0416o,284.214665,36.6187966666667,>20.43,0.0,3.0,o,22.122,59737.43370955,9352.26,5579.89,169.0,181.8,0.7,10.1,180.8,709.3,485.0,1.06,2.32,2.02,1.0,3.0,-0.4407,0.8439100126282625,12.176415896493502,19.5,30.0
02a59737o0421o,284.214665,36.6187966666667,>20.068220642654296,0.0,1.24,o,22.123,59737.43604675,9371.61,5618.42,188.0,180.2,12.0,9.7,182.5,765.3,571.3,1.15,2.29,1.99,1.0,3.0,-0.4427,14.080839560039534,11.382011977698621,19.53,30.0
02a59737o0428o,284.214665,36.6187966666667,>20.38,0.0,3.0,o,22.123,59737.43924395,9312.93,5542.91,152.0,181.6,-13.3,10.7,181.3,-857.8,582.8,0.83,2.31,2.02,1.0,3.0,-0.4397,-15.935795047244012,12.820526842519616,19.57,30.0
02a59737o0446o,284.214665,36.6187966666667,>20.45,0.0,3.0,o,22.122,59737.44848225,9288.1,5660.19,187.0,181.0,3.6,10.4,182.4,-554.3,492.7,1.23,2.29,1.95,1.0,3.0,-0.4447,4.15079552407802,11.991187069558727,19.61,30.0
02a59739o0519o,284.214665,36.6187966666667,>20.19,0.0,3.0,o,22.128,59739.47671005,7861.28,9314.03,159.0,180.8,0.5,12.5,175.0,-228.4,643.6,1.22,2.38,2.0,1.0,3.0,-0.4407,0.6088855987695234,15.222139969238087,19.33,30.0
02a59739o0523o,284.214665,36.6187966666667,>19.79539414979914,0.0,1.35,o,22.128,59739.47854095,7881.21,9353.38,171.0,180.3,16.1,11.9,176.2,-965.3,680.0,1.17,2.4,2.01,1.0,3.0,-0.4397,19.851435657309516,14.67280026844616,19.36,30.0
02a59739o0531o,284.214665,36.6187966666667,>20.26,0.0,3.0,o,22.129,59739.48219765,7821.45,9276.94,189.0,180.0,-17.7,12.0,176.6,-445.6,619.7,1.69,2.37,1.97,1.0,3.0,-0.4447,-21.20052344199558,14.37323623186141,19.4,30.0
02a59739o0555o,284.214665,36.6187966666667,>20.3,0.0,3.0,o,22.129,59739.49359635,2801.86,1194.26,197.0,181.4,-0.2,12.4,182.4,12.1,586.7,1.25,2.26,1.92,1.0,3.0,-0.4407,-0.221818829260008,13.752767414120497,19.46,30.0
01a59739o0676o,284.214665,36.6187966666667,>20.38,0.0,3.0,o,22.204,59739.55782755,7436.58,1193.0,175.0,181.1,-1.5,6.7,179.3,-462.6,504.9,1.39,2.92,2.73,1.0,3.0,-0.4547,-2.8893190621363942,12.905625144209228,19.4,30.0
01a59739o0686o,284.214665,36.6187966666667,>19.90386562212267,0.0,1.39,o,22.205,59739.56301105,7456.45,1230.42,197.0,182.2,10.0,7.2,178.7,-336.7,487.5,1.47,2.85,2.66,1.0,3.0,-0.4617,18.419814062145736,13.262266124744931,19.36,30.0
01a59739o0759o,284.214665,36.6187966666667,>20.26,0.0,3.0,o,22.194,59739.59811005,7412.78,1160.76,197.0,181.7,-6.6,6.7,179.4,-1398.5,487.8,1.41,3.08,2.89,1.0,3.0,-0.4437,-14.182449312192732,14.397334907832018,19.26,30.0
01a59740o0455o,284.214665,36.6187966666667,>20.05,0.0,3.0,o,22.213,59740.45406945,3071.51,9365.48,180.0,179.7,-24.2,10.3,179.6,-557.4,778.0,1.21,2.75,2.6,1.0,3.0,-0.4717,-42.11920381481297,17.92676856580883,19.19,30.0
01a59740o0468o,284.214665,36.6187966666667,>20.14,0.0,3.0,o,22.214,59740.46006395,3053.26,9327.22,130.0,179.9,-12.0,9.6,180.7,-403.6,759.6,1.56,2.73,2.57,1.0,3.0,-0.4727,-20.494426114669842,16.395540891735873,19.18,30.0
01a59740o0484o,284.214665,36.6187966666667,17.89,0.11,9.83,o,22.211,59740.46785165,3112.12,9402.09,-409.0,-708.3,120.9,12.3,-495.3,117584.0,1368.3,35.65,3.06,2.89,1.0,3.0,-0.4437,254.09979541209344,25.851343950113726,19.07,30.0
01a59740o0490o,284.214665,36.6187966666667,>19.9,0.0,3.0,o,22.209,59740.47061725,3129.56,9283.74,187.0,181.0,2.4,8.1,180.2,-444.5,687.6,1.42,3.31,3.14,1.0,3.0,-0.4077,5.74549735219823,19.39105356366903,18.98,30.0
02a59741o0522o,284.214665,36.6187966666667,>20.1,0.0,3.0,o,22.132,59741.50058635,2745.39,1283.39,211.0,182.5,11.6,14.1,187.0,1910.4,787.8,1.36,2.32,1.99,1.0,3.0,-0.4337,13.563063523574101,16.48613755882714,19.14,30.0
02a59741o0528o,284.214665,36.6187966666667,>20.05,0.0,3.0,o,22.131,59741.50345425,2725.48,1246.31,178.0,181.3,2.6,13.7,185.3,1181.6,730.2,1.2,2.38,2.08,1.0,3.0,-0.4217,3.2268025039010673,17.00276703978639,19.12,30.0
02a59741o0540o,284.214665,36.6187966666667,>19.54721066930601,0.0,1.61,o,22.131,59741.51005195,2785.74,1323.21,159.0,170.2,24.7,15.3,141.1,-11072.2,934.8,1.8,2.35,2.03,1.0,3.0,-0.4267,29.67697280498981,18.382902182847943,19.17,30.0
02a59741o0611o,284.214665,36.6187966666667,>20.07,0.0,3.0,o,22.128,59741.54469705,2800.99,1202.91,186.0,180.2,10.2,13.1,177.6,-429.6,924.7,0.94,2.42,2.1,1.0,3.0,-0.4267,13.09162563271984,16.81375448908137,19.23,30.0
01a59743o0474o,284.214665,36.6187966666667,>19.67,0.0,3.0,o,22.212,59743.46596795,3072.33,9362.96,119.0,180.3,-25.9,10.8,177.4,-903.2,858.8,1.24,3.19,3.03,1.0,3.0,-0.4277,-58.57223833975543,24.42394494476288,18.63,30.0
01a59743o0478o,284.214665,36.6187966666667,>19.48,0.0,3.0,o,22.211,59743.46781045,3052.18,9323.76,154.0,180.1,11.6,12.3,174.4,-2708.3,983.9,1.25,3.24,3.09,1.0,3.0,-0.4247,27.121907105218238,28.75857391329175,18.64,30.0
01a59743o0486o,284.214665,36.6187966666667,16.83,0.06,18.61,o,22.212,59743.47149125,3110.5,9398.98,-938.0,-1512.5,303.3,16.3,-1034.7,309752.0,1698.6,107.25,3.17,3.0,1.0,3.0,-0.4287,675.4787212243137,36.30169190885696,18.62,30.0
01a59743o0507o,284.214665,36.6187966666667,>19.77,0.0,3.0,o,22.217,59743.48252645,3127.41,9279.89,171.0,177.2,-10.4,13.0,176.8,197.2,946.1,1.33,2.8,2.62,1.0,3.0,-0.4677,-18.435350850039274,23.044188562549095,18.75,30.0
01a59745o0571o,284.214665,36.6187966666667,>19.23,0.0,3.0,o,22.194,59745.50273845,5582.02,7365.11,137.0,178.9,2.5,19.8,180.0,960.9,1427.7,1.06,2.87,2.71,1.0,3.0,-0.4607,4.768150354137534,37.763750804769266,18.68,30.0
01a59745o0631o,284.214665,36.6187966666667,>19.33,0.0,3.0,o,22.208,59745.53082795,5610.96,7403.68,182.0,179.0,-5.5,15.9,181.6,780.9,1284.9,1.35,3.2,2.78,1.0,3.0,-0.4097,-11.300982672017284,32.67011354274087,18.62,30.0
01a59745o0669o,284.214665,36.6187966666667,>19.16,0.0,3.0,o,22.187,59745.54869835,5557.28,7327.72,179.0,180.7,1.5,19.1,176.4,1217.7,1523.6,1.42,3.08,2.75,1.0,3.0,-0.4267,3.0390189955326545,38.69684187644914,18.52,30.0
01a59745o0722o,284.214665,36.6187966666667,>19.24,0.0,3.0,o,22.19,59745.57352565,5544.92,7448.9,188.0,177.1,5.3,19.6,177.8,1936.3,1527.4,1.62,2.87,2.69,1.0,3.0,-0.4647,10.108082819720863,37.38083457859037,18.59,30.0
01a59747o0527o,284.214665,36.6187966666667,>19.62,0.0,3.0,o,22.21,59747.48418525,5573.97,7365.33,206.0,181.6,4.7,8.4,179.7,-735.9,753.8,1.38,3.98,3.25,1.0,3.0,-0.3087,12.770945050650736,22.82466775009919,18.75,30.0
01a59747o0534o,284.214665,36.6187966666667,>19.426678399987733,0.0,1.29,o,22.191,59747.48763095,5595.62,7402.48,212.0,182.9,14.1,10.9,182.4,908.5,956.8,1.62,2.83,2.68,1.0,3.0,-0.4697,26.515455217490654,20.49776325323746,18.97,30.0
01a59747o0584o,284.214665,36.6187966666667,>18.8,0.0,3.0,o,21.99,59747.51245325,5543.21,7326.35,125.0,169.3,4.6,19.6,170.0,773.3,1575.9,1.08,3.21,2.99,1.0,3.0,-0.4297,12.696756703953696,54.09922421684619,18.26,30.0
01a59747o0600o,284.214665,36.6187966666667,>19.94,0.0,3.0,o,22.194,59747.51996675,5527.46,7443.19,168.0,181.8,-3.2,10.8,180.6,-216.0,718.0,1.54,2.8,2.64,1.0,3.0,-0.4687,-5.843468157601784,19.72170503190602,18.98,30.0
01a59748o0419o,284.214665,36.6187966666667,>20.09,0.0,3.0,o,22.202,59748.43927345,4964.28,3202.09,158.0,178.9,1.0,9.1,180.0,513.2,599.7,1.58,2.85,2.7,1.0,3.0,-0.4647,1.8800412119958416,17.108375029162154,19.1,30.0
01a59748o0469o,284.214665,36.6187966666667,>20.16,0.0,3.0,o,22.21,59748.46518935,4942.69,3160.48,196.0,183.6,8.0,9.0,180.7,61.1,743.9,1.44,2.8,2.63,1.0,3.0,-0.4657,14.300871756137502,16.08848072565469,19.15,30.0
01a59748o0477o,284.214665,36.6187966666667,19.48,0.27,3.48,o,22.208,59748.46887185,5003.69,3235.85,203.0,180.0,30.3,8.7,174.9,-285.5,712.2,1.19,2.92,2.77,1.0,3.0,-0.4517,58.83882539703611,16.89431620310938,19.1,30.0
01a59748o0484o,284.214665,36.6187966666667,>20.02,0.0,3.0,o,22.208,59748.47211105,5020.81,3118.23,155.0,181.3,-19.2,9.1,180.1,-1162.9,700.8,1.21,2.96,2.79,1.0,3.0,-0.4457,-37.8578449594712,17.943041100582704,19.08,30.0
02a59749o0518o,284.214665,36.6187966666667,>20.29,0.0,3.0,o,22.129,59749.48637225,1051.47,7532.86,179.0,183.5,-14.2,11.8,189.4,2345.7,662.7,1.21,2.32,1.98,1.0,3.0,-0.4397,-16.65713343755479,13.841843279094828,19.34,30.0
02a59749o0525o,284.214665,36.6187966666667,>19.733212863433106,0.0,1.33,o,22.129,59749.48957405,1031.61,7492.76,217.0,185.7,17.1,12.9,187.6,402.6,845.1,1.24,2.35,2.01,1.0,3.0,-0.4377,20.588218815396324,15.531463316877927,19.33,30.0
02a59749o0540o,284.214665,36.6187966666667,>20.25,0.0,3.0,o,22.129,59749.49665215,1089.46,7571.08,199.0,178.8,-25.4,11.9,182.4,1618.2,686.8,1.93,2.35,2.02,1.0,3.0,-0.4367,-30.705183250177075,14.38549923925619,19.31,30.0
02a59749o0608o,284.214665,36.6187966666667,>20.21,0.0,3.0,o,22.125,59749.52920135,1103.97,7450.3,157.0,179.5,-0.7,11.9,179.0,1067.3,706.6,1.23,2.36,2.07,1.0,3.0,-0.4367,-0.8740557490904933,14.858947734538388,19.29,30.0
01a59749o0288o,284.214665,36.6187966666667,>20.1,0.0,3.0,o,22.204,59749.54659865,5595.53,7366.42,160.0,181.6,-0.3,8.6,179.8,-1497.0,654.8,1.31,2.92,2.76,1.0,3.0,-0.4557,-0.5847522930297668,16.762899066853315,19.17,30.0
01a59749o0297o,284.214665,36.6187966666667,>20.07,0.0,3.0,o,22.204,59749.55074175,5617.62,7405.05,185.0,182.1,-12.2,8.4,179.0,-1200.4,655.3,1.53,3.02,2.81,1.0,3.0,-0.4367,-24.60547984211038,16.941477924076,19.11,30.0
01a59749o0309o,284.214665,36.6187966666667,>20.01,0.0,3.0,o,22.2,59749.55630075,5559.37,7329.56,194.0,180.3,7.4,9.0,175.2,-702.7,655.6,1.37,2.98,2.8,1.0,3.0,-0.4457,14.851309896266585,18.062403927891793,19.13,30.0
02a59750o0261c,284.214665,36.6187966666667,>20.05963444197002,0.0,2.43,c,22.14,59750.36423385,9527.04,3051.57,208.0,179.5,16.5,6.8,179.5,1022.9,487.8,1.44,2.89,2.4,1.0,3.0,-0.3917,27.679087843085597,11.407139232301944,19.55,30.0
02a59750o0268c,284.214665,36.6187966666667,>20.162963710309032,0.0,1.93,c,22.142,59750.36744335,9553.28,3088.9,184.0,179.6,14.5,7.5,178.6,-118.0,487.8,1.42,2.47,2.26,1.0,3.0,-0.4207,20.069296071598693,10.380670381861393,19.66,30.0
02a59750o0279c,284.214665,36.6187966666667,19.8,0.23,4.19,c,22.145,59750.37254375,9495.5,3011.88,243.0,181.0,30.6,7.3,181.3,643.8,438.0,1.32,2.52,2.29,1.0,3.0,-0.4157,43.462649232946276,10.368540503284567,19.63,30.0
02a59750o0330c,284.214665,36.6187966666667,19.39,0.17,5.95,c,22.156,59750.39840135,9481.57,3130.04,215.0,180.7,45.8,7.7,176.7,-1332.2,413.6,1.45,2.51,2.27,1.0,3.0,-0.4167,63.639066713406876,10.699144403782379,19.67,30.0
01a59751o0487o,284.214665,36.6187966666667,18.84,0.14,7.26,o,22.205,59751.47768615,5574.28,7362.22,266.0,181.8,53.7,7.4,176.8,-902.9,496.9,1.53,2.95,2.79,1.0,3.0,-0.4467,105.91543402651347,14.595422938476716,19.31,30.0
01a59751o0546o,284.214665,36.6187966666667,18.7,0.12,8.38,o,22.204,59751.50612665,5603.66,7401.47,272.0,181.9,63.7,7.6,178.8,2.5,527.5,1.61,2.88,2.7,1.0,3.0,-0.4547,119.68905265617065,14.280012561803717,19.29,30.0
01a59751o0605o,284.214665,36.6187966666667,18.81,0.14,7.5,o,22.2,59751.53456685,5550.63,7329.08,251.0,181.1,55.5,7.4,179.6,588.9,582.3,1.53,2.94,2.76,1.0,3.0,-0.4537,109.12095065618881,14.549460087491841,19.28,30.0
01a59751o0657o,284.214665,36.6187966666667,18.85,0.16,6.28,o,22.195,59751.55979345,5542.73,7448.66,212.0,178.5,50.9,8.1,176.7,-173.5,738.9,1.31,3.02,2.85,1.0,3.0,-0.4337,104.69557599912672,16.660789107916038,19.18,30.0
01a59752o0511o,284.214665,36.6187966666667,>19.710519745192016,0.0,1.38,o,22.14,59752.47690435,1656.98,3065.47,225.0,180.5,10.8,7.8,179.5,-815.7,565.4,1.21,2.89,2.74,1.0,3.0,-0.4517,21.85903101825871,15.787077957631292,19.21,30.0
01a59752o0526o,284.214665,36.6187966666667,19.64,0.29,3.28,o,22.182,59752.48449925,1677.4,3104.66,185.0,179.3,25.6,7.8,176.7,-413.5,613.9,1.52,2.91,2.76,1.0,3.0,-0.4517,50.55926847312336,15.404777112904773,19.3,30.0
01a59752o0533o,284.214665,36.6187966666667,>19.435350159039693,0.0,2.99,o,21.86,59752.48780905,1619.36,3027.09,202.0,181.1,23.3,7.8,178.1,-84.1,599.3,1.46,2.88,2.73,1.0,3.0,-0.4537,60.71133755751595,20.3239670793401,18.85,30.0
01a59752o0601o,284.214665,36.6187966666667,>19.87,0.0,3.0,o,22.203,59752.51991215,1612.84,3145.27,-29.0,21.4,-15.5,10.9,-53.0,-27432.1,934.2,4.01,2.89,2.72,1.0,3.0,-0.4477,-29.279064085026132,20.58979345334096,19.3,30.0
02a59753o0500c,284.214665,36.6187966666667,20.04,0.29,3.26,c,22.164,59753.47715125,1043.07,7530.32,199.0,180.2,25.1,7.7,183.9,1799.2,481.9,1.65,2.51,2.29,1.0,3.0,-0.4187,34.989816959234886,10.733927911797155,19.65,30.0
02a59753o0512c,284.214665,36.6187966666667,>19.99672679568534,0.0,1.79,c,22.164,59753.48263975,1023.41,7495.66,188.0,180.5,15.0,8.4,183.7,1436.0,557.2,1.35,2.57,2.33,1.0,3.0,-0.4107,21.624150170611717,12.109524095542561,19.6,30.0
02a59753o0532c,284.214665,36.6187966666667,>20.01048297169446,0.0,1.84,c,22.16,59753.49258135,1080.41,7572.39,194.0,180.7,14.0,7.6,180.9,13.8,519.8,1.43,2.67,2.45,1.0,3.0,-0.4047,22.007166372057423,11.946747459116885,19.56,30.0
02a59753o0545c,284.214665,36.6187966666667,>20.06611461310704,0.0,1.98,c,22.161,59753.49866675,1099.82,7451.84,216.0,178.4,15.8,8.0,178.6,1320.7,573.3,1.54,2.54,2.32,1.0,3.0,-0.4157,22.580706907491336,11.433269320248776,19.61,30.0
02a59754o0494c,284.214681428571,36.6187728571429,19.65,0.21,4.71,c,22.168,59754.47081075,6888.72,7662.73,199.0,178.3,35.3,7.5,178.5,829.5,474.6,1.0,2.55,2.3,1.0,3.0,-0.4197,50.0727527179171,10.63868683808437,19.63,30.0
02a59754o0502c,284.214681428571,36.6187728571429,>20.259162122851578,0.0,1.43,c,22.169,59754.47451265,6869.5,7625.81,162.0,174.3,9.9,6.9,172.3,320.7,536.9,1.94,2.5,2.27,1.0,3.0,-0.4327,13.739148123547679,9.575769904290807,19.69,30.0
02a59754o0517c,284.214681428571,36.6187728571429,19.41,0.17,5.95,c,22.169,59754.48174775,6925.9,7705.78,242.0,179.5,45.8,7.7,178.4,238.3,497.0,1.93,2.5,2.25,1.0,3.0,-0.4227,62.42330376694477,10.49474757653875,19.66,30.0
02a59754o0538c,284.214681428571,36.6187728571429,19.82,0.23,4.17,c,22.169,59754.49170365,6943.74,7591.54,181.0,179.2,31.7,7.6,178.2,301.6,462.9,1.61,2.48,2.25,1.0,3.0,-0.4237,42.89949762806996,10.285053059095636,19.68,30.0
01a59755o0429o,284.2146025,36.6188591666667,19.27,0.19,5.17,o,22.212,59755.48733095,1659.32,3067.15,203.0,181.3,39.3,7.6,180.2,865.7,633.7,1.38,2.82,2.66,1.0,3.0,-0.4617,71.1675541717625,13.762682231689443,19.4,30.0
01a59755o0438o,284.2146025,36.6188591666667,18.77,0.12,8.27,o,22.211,59755.49148025,1682.77,3106.58,252.0,180.7,62.0,7.5,180.2,259.7,510.2,1.59,2.84,2.62,1.0,3.0,-0.4737,112.7119766489356,13.634513304306726,19.4,30.0
01a59755o0453o,284.2146025,36.6188591666667,18.89,0.14,7.07,o,22.211,59755.49894975,1624.42,3028.39,239.0,180.8,53.7,7.6,179.4,677.0,527.6,1.09,2.89,2.7,1.0,3.0,-0.4627,101.34320571638875,14.342800064144402,19.34,30.0
01a59755o0484o,284.2146025,36.6188591666667,19.12,0.17,5.83,o,22.21,59755.51407325,1612.58,3146.65,228.0,180.8,43.7,7.5,178.1,-669.8,532.2,1.5,2.89,2.66,1.0,3.0,-0.4637,81.39911097532884,13.970099137642247,19.35,30.0
01a59756o0421o,284.2146025,36.6188591666667,18.53,0.09,11.32,o,22.211,59756.47454235,1656.03,3064.71,265.0,179.9,80.4,7.1,177.4,700.3,420.9,1.64,2.76,2.6,1.0,3.0,-0.4667,140.05455051691104,12.368001351617764,19.51,30.0
01a59756o0429o,284.2146025,36.6188591666667,18.83,0.12,8.88,o,22.21,59756.47829445,1678.52,3103.69,253.0,179.3,61.3,6.9,178.3,1077.2,522.8,1.75,2.76,2.6,1.0,3.0,-0.4687,107.07834492893427,12.052864274219356,19.52,30.0
01a59756o0443o,284.2146025,36.6188591666667,18.89,0.13,7.81,o,22.21,59756.48536805,1620.42,3025.93,264.0,180.5,57.8,7.4,180.1,1349.7,464.2,1.74,2.76,2.59,1.0,3.0,-0.4727,100.94746789736658,12.924070284437937,19.52,30.0
01a59756o0474o,284.2146025,36.6188591666667,18.77,0.13,7.61,o,22.208,59756.50045835,1608.62,3143.17,10.0,-72.3,62.4,8.2,-66.2,8584.7,661.5,4.22,2.82,2.63,1.0,3.0,-0.4677,112.75821488155803,14.81758592994833,19.45,30.0
02a59757o0390c,284.214600666667,36.618842,18.8,0.14,7.23,c,21.943,59757.48433565,6882.45,7665.93,232.0,180.3,62.9,8.7,178.5,136.6,565.0,1.64,2.53,2.32,1.0,3.0,-0.4197,109.85451139473291,15.194503165885155,19.35,30.0
02a59757o0397c,284.214600666667,36.618842,>18.39,0.0,3.0,c,21.398,59757.48754705,6863.65,7627.07,175.0,172.1,1.4,28.0,171.3,-1675.8,1768.6,1.2,2.51,2.28,1.0,3.0,-0.4077,3.8948913691091254,77.89782738218253,18.73,30.0
02a59757o0409c,284.214600666667,36.618842,18.7,0.14,7.39,c,21.639,59757.49312935,6920.81,7704.68,225.0,179.9,52.5,7.1,176.8,-233.8,450.5,0.93,2.54,2.31,1.0,3.0,-0.4097,120.16105844933311,16.250352666481238,19.04,30.0
02a59757o0429c,284.214600666667,36.618842,18.94,0.14,7.2,c,22.143,59757.50296605,6940.76,7591.22,258.0,178.6,67.0,9.3,172.2,-2574.9,558.2,1.13,2.52,2.31,1.0,3.0,-0.4177,96.34874645795753,13.373781224761272,19.53,30.0
02a59758o0376c,284.214592105263,36.6188289473684,18.31,0.09,11.68,c,21.921,59758.42496765,3700.0,2913.35,265.0,177.0,84.1,7.2,176.6,1240.4,498.6,1.37,2.72,2.49,1.0,3.0,-0.4117,171.68129961345875,14.69804229746615,19.29,30.0
02a59758o0380c,284.214592105263,36.6188289473684,18.33,0.11,9.64,c,21.775,59758.42677645,3718.08,2952.27,251.0,173.5,77.1,8.0,173.7,1260.1,500.9,1.18,2.65,2.41,1.0,3.0,-0.4117,169.7758993968479,17.616176331709255,19.16,30.0
02a59758o0387c,284.214592105263,36.6188289473684,18.49,0.11,9.28,c,21.862,59758.42994145,3661.06,2874.17,258.0,177.2,66.8,7.2,175.6,-157.9,524.9,1.33,2.75,2.5,1.0,3.0,-0.4117,146.1530592144164,15.753024346464041,19.24,30.0
02a59758o0399c,284.214592105263,36.6188289473684,18.43,0.09,11.55,c,22.032,59758.43536685,3643.63,2990.95,265.0,176.4,82.0,7.1,173.4,800.8,572.3,1.79,2.76,2.51,1.0,3.0,-0.4127,154.72318655410345,13.396763713830909,19.41,30.0
01a59759o0410o,284.214584074074,36.6188211111111,17.96,0.07,15.18,o,22.202,59759.43299245,8851.87,7523.48,262.0,180.8,119.9,7.9,177.6,964.4,481.2,1.47,2.95,2.79,1.0,3.0,-0.4457,236.92132218030972,15.610328984357356,19.36,30.0
01a59759o0421o,284.214584074074,36.6188211111111,18.14,0.08,13.42,o,22.202,59759.43800325,8831.4,7483.65,272.0,180.3,103.3,7.7,180.9,1004.7,638.3,1.48,2.91,2.77,1.0,3.0,-0.4507,200.83149669597597,14.970014758557744,19.39,30.0
01a59759o0449o,284.214584074074,36.6188211111111,17.94,0.07,15.27,o,22.202,59759.45107065,8890.66,7557.84,300.0,180.2,120.6,7.9,177.4,-77.9,459.1,1.74,2.97,2.81,1.0,3.0,-0.4477,242.08552490142472,15.858007020905934,19.34,30.0
01a59759o0467o,284.214584074074,36.6188211111111,17.89,0.06,16.64,o,22.203,59759.46127225,1602.69,3140.81,335.0,178.8,129.8,7.8,175.6,1119.8,540.7,1.35,2.92,2.77,1.0,3.0,-0.4507,252.9857494297729,15.202533478830729,19.38,30.0
01a59760o0403o,284.214584074074,36.6188211111111,17.78,0.07,14.7,o,22.178,59760.46169315,1898.63,9672.18,277.0,177.2,89.7,6.1,174.2,166.8,615.8,1.36,3.73,3.57,1.0,3.0,-0.3937,279.46552209935896,19.004901725820396,19.05,30.0
01a59760o0424o,284.214584074074,36.6188211111111,17.74,0.06,16.48,o,22.18,59760.47140905,1923.48,9711.53,315.0,178.4,107.1,6.5,178.9,1344.2,630.3,1.63,3.46,3.29,1.0,3.0,-0.4137,290.01483440908453,17.601273797003262,19.14,30.0
01a59760o0430o,284.214584074074,36.6188211111111,17.86,0.07,14.76,o,22.185,59760.47413945,1862.45,9634.01,307.0,180.9,106.3,7.2,186.0,6987.6,479.2,3.16,3.28,3.13,1.0,3.0,-0.4207,260.0819370521467,17.616086046805798,19.19,30.0
01a59760o0463o,284.214584074074,36.6188211111111,17.65,0.06,18.62,o,22.184,59760.49051875,1848.59,9751.6,309.0,180.2,128.5,6.9,177.1,-30.1,541.5,1.79,3.31,3.14,1.0,3.0,-0.4117,315.9508403359102,16.965453683406853,19.21,30.0
01a59761o0359o,284.214581935484,36.6188051612903,17.45,0.05,21.68,o,22.199,59761.46341475,1900.74,9674.67,358.0,182.0,166.9,7.7,181.7,1486.3,545.9,1.39,3.17,3.03,1.0,3.0,-0.4277,379.5919315597847,17.512629556682697,19.25,30.0
01a59761o0370o,284.214581935484,36.6188051612903,17.51,0.07,15.04,o,22.154,59761.46842605,1923.8,9714.51,219.0,168.3,78.2,5.2,164.6,-193.5,744.5,1.33,4.58,4.4,1.0,3.0,-0.3447,360.31608730535777,23.95963751902635,18.81,30.0
01a59761o0446o,284.214581935484,36.6188051612903,17.46,0.05,19.55,o,22.19,59761.50347125,1872.59,9637.49,317.0,178.9,144.7,7.4,174.4,248.5,644.3,1.67,3.41,3.24,1.0,3.0,-0.4137,376.8136838042618,19.270361162070063,19.1,30.0
01a59761o0500o,284.214581935484,36.6188051612903,17.6,0.07,16.0,o,22.177,59761.52848115,1860.44,9754.94,254.0,177.3,96.0,6.0,174.3,-22.5,652.3,1.59,4.17,3.73,1.0,3.0,-0.3377,332.1045801364429,20.75653625852768,18.93,30.0
01a59763o0300o,284.214565476191,36.6188052380952,17.29,0.04,24.58,o,22.191,59763.38274475,8662.62,931.89,336.0,180.4,164.7,6.7,178.5,1731.1,583.3,1.42,3.5,3.29,1.0,3.0,-0.4007,441.2820751086193,17.95136553265179,19.18,30.0
01a59763o0319o,284.214565476191,36.6188052380952,17.26,0.04,24.34,o,22.187,59763.39243735,8641.55,891.23,364.0,179.8,150.9,6.2,175.8,766.1,507.4,1.67,3.66,3.45,1.0,3.0,-0.4167,451.5940024813275,18.554558087370644,19.15,30.0
01a59763o0375o,284.214565476191,36.6188052380952,17.09,0.03,31.52,o,22.201,59763.41945255,8701.07,962.72,414.0,181.5,208.0,6.6,175.8,1151.9,464.6,1.94,3.4,3.24,1.0,3.0,-0.4047,530.2076718709425,16.823897280520292,19.25,30.0
01a59763o0399o,284.214565476191,36.6188052380952,17.28,0.04,28.16,o,22.204,59763.43105845,8717.69,841.12,413.0,181.9,197.1,7.0,177.6,924.5,418.7,1.9,3.18,3.01,1.0,3.0,-0.4257,443.8528216775971,15.763418324419991,19.33,30.0
01a59764o0349o,284.214565476191,36.6188052380952,17.26,0.04,28.02,o,22.208,59764.40697445,8662.56,927.54,456.0,182.7,257.8,9.2,182.1,3231.5,518.5,1.84,2.77,2.6,1.0,3.0,-0.4717,454.04069035334425,16.20315884891686,19.3,30.0
01a59764o0397o,284.214565476191,36.6188052380952,17.17,0.03,31.06,o,22.21,59764.43199915,8637.81,882.15,445.0,182.4,264.0,8.5,180.0,1678.8,583.0,1.85,2.86,2.69,1.0,3.0,-0.4607,490.77336544541424,15.801415175325838,19.3,30.0
01a59764o0403o,284.214565476191,36.6188052380952,17.14,0.04,30.47,o,22.211,59764.43480395,8698.8,958.9,414.0,181.8,271.2,8.9,178.9,2747.5,470.8,1.87,2.88,2.69,1.0,3.0,-0.4597,506.74934759025155,16.630048648795132,19.33,30.0
01a59764o0409o,284.214565476191,36.6188052380952,17.17,0.04,29.87,o,22.211,59764.43753815,8717.65,841.35,432.0,182.1,271.8,9.1,182.6,4433.1,550.4,1.85,2.82,2.65,1.0,3.0,-0.4597,489.89519512602203,16.401936260657838,19.32,30.0
01a59765o0486o,284.214565476191,36.6188052380952,16.98,0.03,37.36,o,22.201,59765.46249735,1907.66,9669.2,522.0,180.0,317.6,8.5,180.4,3821.2,567.7,1.54,2.86,2.69,1.0,3.0,-0.4477,588.2440623526984,15.743307714099297,19.43,30.0
01a59765o0494o,284.214565476191,36.6188052380952,17.02,0.03,34.7,o,22.18,59765.46615665,1930.18,9708.62,517.0,182.3,305.4,8.8,184.2,3538.6,551.3,2.0,2.81,2.66,1.0,3.0,-0.4597,566.5206366527533,16.324104788946396,19.4,30.0
01a59765o0555o,284.214565476191,36.6188052380952,16.99,0.03,34.14,o,22.099,59765.49483935,1874.45,9632.39,484.0,181.0,269.7,7.9,182.3,3088.4,500.1,1.7,2.96,2.77,1.0,3.0,-0.4357,578.3772098545018,16.94171285817784,19.27,30.0
01a59765o0616o,284.214563829787,36.6188082978723,17.0,0.03,35.04,o,22.195,59765.52337495,1863.72,9752.45,490.0,182.7,280.3,8.0,178.4,2113.2,650.7,1.67,3.03,2.85,1.0,3.0,-0.4247,573.6795007585661,16.37330005732618,19.34,30.0
02a59766o0316o,284.214563829787,36.6188082978723,16.92,0.03,38.77,o,22.125,59766.39127465,3624.33,7462.01,633.0,177.3,523.4,13.5,177.3,4804.6,619.9,1.91,2.31,1.99,1.0,3.0,-0.4487,621.809739078264,16.03827183331403,19.5,30.0
02a59766o0347o,284.214563829787,36.6188082978723,16.9,0.03,39.88,o,22.115,59766.40716485,3645.08,7501.49,649.0,179.0,526.4,13.2,181.1,5358.8,557.8,1.5,2.3,1.98,1.0,3.0,-0.4537,628.156202141493,15.751637287742607,19.51,30.0
02a59766o0352o,284.214563829787,36.6188082978723,16.87,0.03,38.21,o,22.016,59766.40988565,3587.67,7422.3,634.0,173.3,500.6,13.1,172.8,3559.6,683.1,1.29,2.28,1.98,1.0,3.0,-0.4507,646.9185848006593,16.928952179162284,19.42,30.0
02a59766o0362o,284.214563829787,36.6188082978723,16.95,0.03,37.31,o,22.037,59766.41566435,3569.35,7538.95,596.0,176.9,477.6,12.8,177.8,4595.5,654.4,1.37,2.26,1.97,1.0,3.0,-0.4567,600.3406190407653,16.089530828563223,19.46,30.0
02a59767o0318o,284.214557777778,36.6188133333333,16.99,0.12,8.94,o,20.812,59767.39909175,3627.15,7464.02,215.0,103.4,145.8,16.3,119.0,8941.6,967.4,0.98,2.35,1.99,1.0,3.0,-0.4257,578.1455775921394,64.63493082820213,17.59,30.0
02a59767o0322o,284.214557777778,36.6188133333333,16.79,0.09,12.07,o,20.933,59767.40090105,3647.24,7503.38,322.0,162.0,181.1,15.0,164.8,1653.9,792.4,1.23,2.49,2.05,1.0,3.0,-0.4227,699.2466650475457,57.91662051746651,17.69,30.0
02a59767o0332o,284.214557777778,36.6188133333333,16.81,0.05,23.57,o,21.65,59767.40545565,3589.48,7426.08,471.0,173.1,341.7,14.5,172.3,2915.7,847.5,1.14,2.47,2.06,1.0,3.0,-0.4307,684.491245087165,29.046306859127572,18.72,30.0
01a59767o0361o,284.214562244898,36.6188079591837,16.9,0.05,23.29,o,21.807,59767.40853745,8661.04,921.26,451.0,182.7,251.5,10.8,180.8,11.3,661.8,1.17,2.74,2.59,1.0,3.0,-0.4697,630.2996436261707,27.06654533265465,18.79,30.0
02a59767o0352o,284.214557777778,36.6188133333333,16.8,0.05,21.0,o,21.494,59767.41473495,3567.48,7542.86,446.0,181.1,321.3,15.3,180.2,826.6,812.1,1.25,2.34,1.99,1.0,3.0,-0.4537,694.6057988434917,33.076466611594846,18.63,30.0
01a59767o0404o,284.214562244898,36.6188079591837,16.85,0.07,15.39,o,21.127,59767.43157225,8636.25,876.99,302.0,180.5,129.3,8.4,179.2,745.9,597.0,1.06,2.87,2.71,1.0,3.0,-0.4587,657.6706451910003,42.7257031678608,18.21,30.0
01a59767o0426o,284.214557777778,36.6188133333333,16.75,0.24,4.02,o,19.471,59767.44200145,1854.22,9627.31,196.0,153.8,33.8,8.4,153.7,-644.7,590.0,1.12,2.64,2.64,1.0,3.0,-0.4827,723.9078719831109,179.90609836266665,16.63,30.0
01a59767o0478o,284.214557777778,36.6188133333333,16.77,0.03,30.58,o,21.881,59767.46681035,1847.37,9748.38,513.0,179.8,269.1,8.8,180.6,4033.9,517.7,1.59,2.94,2.79,1.0,3.0,-0.4427,710.2708261774511,23.22699097124329,18.97,30.0
01a59768o0325o,284.214547972973,36.6188159459459,16.76,0.02,43.53,o,22.205,59768.46175365,5599.09,3291.51,614.0,181.8,400.5,9.2,183.0,4888.8,457.6,1.74,2.82,2.61,1.0,3.0,-0.4687,720.8599234029051,16.55907938903053,19.37,30.0
01a59768o0348o,284.214547972973,36.6188159459459,16.75,0.02,44.27,o,22.205,59768.47289695,5621.43,3330.09,593.0,180.9,411.7,9.3,181.1,4345.4,494.3,1.91,2.77,2.61,1.0,3.0,-0.4607,722.5366624932548,16.32157143839512,19.4,30.0
01a59768o0361o,284.214547972973,36.6188159459459,16.72,0.02,44.13,o,22.203,59768.47882925,5563.89,3254.18,576.0,180.8,419.2,9.5,179.3,4744.0,536.8,1.46,2.78,2.62,1.0,3.0,-0.4647,745.2913941769182,16.889952873761263,19.41,30.0
01a59768o0373o,284.214547972973,36.6188159459459,16.75,0.02,44.85,o,22.202,59768.48474055,5551.0,3372.25,531.0,180.7,399.2,8.9,178.0,3477.6,583.8,1.4,2.84,2.66,1.0,3.0,-0.4467,724.684970750651,16.156553706615217,19.36,30.0
02a59769o0273o,284.214547972973,36.6188159459459,16.65,0.04,25.5,o,21.839,59769.37094825,3620.83,7459.77,710.0,159.4,548.2,21.5,158.2,3759.7,1295.6,1.09,2.26,1.92,1.0,3.0,-0.4427,795.6232107610642,31.203755985703904,18.59,30.0
02a59769o0315o,284.214547972973,36.6188159459459,16.69,0.03,31.43,o,21.95,59769.39306015,3645.19,7499.6,709.0,170.7,590.9,18.8,171.9,3686.1,924.6,1.19,2.23,1.92,1.0,3.0,-0.4497,768.9158742782731,24.463730642124787,18.87,30.0
02a59769o0369o,284.214547972973,36.6188159459459,16.71,0.04,29.01,o,21.909,59769.42096495,7010.4,3151.43,693.0,170.3,583.1,20.1,173.4,3581.0,1133.9,1.2,2.19,1.87,1.0,3.0,-0.4447,750.2180485401924,25.86071475845973,18.82,30.0
02a59769o0420o,284.214547972973,36.6188159459459,16.78,0.04,29.98,o,21.953,59769.44623825,7022.74,3036.26,606.0,170.1,563.7,18.8,173.1,3653.2,883.3,1.91,2.2,1.87,1.0,3.0,-0.4477,701.5700931661044,23.398115578362184,18.96,30.0
01a59769o0590o,284.214547972973,36.6188159459459,16.67,0.02,48.4,o,22.201,59769.50989275,5616.02,3299.31,530.0,180.9,411.4,8.5,178.2,4194.6,512.7,1.48,2.93,2.72,1.0,3.0,-0.4347,779.9370599547586,16.114402065180965,19.36,30.0
01a59769o0665o,284.214547972973,36.6188159459459,16.75,0.02,43.14,o,22.189,59769.54465475,5645.84,3341.38,529.0,181.2,375.3,8.7,180.4,3444.8,499.0,1.33,2.91,2.75,1.0,3.0,-0.4427,727.7177909544272,16.869557104459144,19.36,30.0
01a59769o0673o,284.214547972973,36.6188159459459,16.68,0.02,46.73,o,22.187,59769.54858715,5587.59,3266.09,598.0,181.3,387.9,8.3,180.5,3807.3,544.3,1.88,2.95,2.79,1.0,3.0,-0.4427,775.0054278108081,16.58299832644936,19.29,30.0
01a59769o0730o,284.214547972973,36.6188159459459,16.7,0.03,41.12,o,22.173,59769.57507365,5583.42,3386.99,486.0,180.2,345.4,8.4,179.5,4009.0,564.0,1.3,3.23,2.85,1.0,3.0,-0.4057,755.6635267704986,18.377456933619538,19.18,30.0
02a59770o0425o,284.214547972973,36.6188159459459,16.64,0.03,39.95,o,22.136,59770.43602935,4886.55,9219.05,759.0,179.9,695.2,17.4,175.9,5329.2,955.2,1.17,2.3,1.96,1.0,3.0,-0.4437,798.0910050692476,19.9752351671532,19.22,30.0
02a59770o0434o,284.214547972973,36.6188159459459,16.63,0.03,39.05,o,22.136,59770.44009715,4867.26,9180.12,769.0,181.1,679.4,17.4,177.8,3879.1,733.0,1.43,2.36,1.99,1.0,3.0,-0.4417,811.0532467928651,20.77174932910782,19.21,30.0
02a59770o0445o,284.214547972973,36.6188159459459,16.62,0.03,39.47,o,22.137,59770.44524125,4923.44,9256.53,864.0,180.1,702.5,17.8,182.8,5888.4,805.1,1.26,2.32,1.96,1.0,3.0,-0.4497,817.2390873084689,20.707267977353375,19.19,30.0
02a59770o0475o,284.214547972973,36.6188159459459,16.63,0.03,42.4,o,22.138,59770.45900395,4942.18,9139.56,947.0,179.4,750.4,17.7,178.7,4848.7,720.7,1.79,2.21,1.89,1.0,3.0,-0.4567,806.3166883818651,19.01893041625668,19.26,30.0
01a59771o0390o,284.214547972973,36.6188159459459,16.56,0.03,35.24,o,22.181,59771.42303275,5593.87,3292.93,620.0,181.4,482.8,13.7,183.1,6417.0,856.0,1.16,2.73,2.57,1.0,3.0,-0.4857,860.24424735304,24.410410498626028,18.84,30.0
01a59771o0397o,284.214547972973,36.6188159459459,16.59,0.03,36.05,o,22.191,59771.42622305,5614.36,3331.57,671.0,180.0,472.3,13.1,180.9,5499.3,898.2,1.32,2.75,2.6,1.0,3.0,-0.4737,840.3935927864434,23.309667722850747,18.91,30.0
01a59771o0408o,284.214547972973,36.6188159459459,16.56,0.03,39.59,o,22.192,59771.43140895,5556.16,3256.23,646.0,179.7,475.1,12.0,178.8,5804.6,771.5,1.66,2.79,2.63,1.0,3.0,-0.4697,863.5822900930868,21.812223702624802,18.86,30.0
01a59771o0430o,284.214547972973,36.6188159459459,16.56,0.03,34.28,o,22.171,59771.44187825,5543.36,3373.7,662.0,181.3,473.1,13.8,183.8,6182.2,951.8,1.0,2.78,2.61,1.0,3.0,-0.4677,865.3603584339766,25.24196353073108,18.8,30.0
01a59772o0422o,284.214547631579,36.6188159210526,16.52,0.03,36.7,o,22.205,59772.44294355,5600.14,3294.26,720.0,180.8,499.1,13.6,183.7,6554.8,735.9,1.38,2.78,2.62,1.0,3.0,-0.4777,896.3805043917794,24.425515647622117,18.81,30.0
01a59772o0482o,284.214547631579,36.6188159210526,16.5,0.03,35.74,o,22.202,59772.47157565,5628.19,3335.31,698.0,179.0,493.2,13.8,180.5,6133.8,965.2,1.2,2.83,2.65,1.0,3.0,-0.4727,910.3620029311807,25.472416140410164,18.76,30.0
01a59772o0488o,284.214547631579,36.6188159210526,16.5,0.03,35.39,o,22.201,59772.47504205,5568.75,3259.09,633.0,178.1,488.4,13.8,178.8,5900.9,1076.0,1.27,2.85,2.66,1.0,3.0,-0.4747,913.8205014936681,25.82048100043534,18.76,30.0
01a59772o0545o,284.214546153846,36.6188157692308,16.62,0.03,32.03,o,22.198,59772.50236585,5561.92,3379.95,596.0,176.8,458.1,14.3,181.1,7027.1,1044.0,1.52,2.78,2.61,1.0,3.0,-0.4707,819.604511518819,25.584685690284022,18.74,30.0
01a59775o0381o,284.214544175824,36.6188186813187,16.45,0.03,36.75,o,22.2,59775.42361545,5595.95,3292.28,506.0,179.5,385.9,10.5,175.5,4208.7,808.8,1.38,3.32,3.17,1.0,3.0,-0.4217,955.5003924629759,25.998326304382605,18.65,30.0
01a59775o0387o,284.214544175824,36.6188186813187,16.46,0.03,32.97,o,22.195,59775.42647835,5617.74,3330.95,590.0,181.1,333.0,10.1,181.6,5928.6,902.2,1.12,3.63,3.4,1.0,3.0,-0.3967,949.2673003181463,28.791590790430263,18.56,30.0
01a59775o0399o,284.214544175824,36.6188186813187,16.44,0.03,34.5,o,22.2,59775.43211255,5558.79,3255.1,517.0,181.0,376.0,10.9,175.4,3731.1,849.9,1.36,3.42,3.25,1.0,3.0,-0.4017,965.2861106565056,27.98302820786147,18.63,30.0
01a59775o0472o,284.214544175824,36.6188186813187,16.48,0.03,31.72,o,22.196,59775.46739805,5552.93,3374.85,548.0,179.8,352.1,11.1,177.9,3878.8,822.1,1.23,3.45,3.26,1.0,3.0,-0.4127,927.3879860741209,29.236031370129908,18.6,30.0
01a59776o0349o,284.214544175824,36.6188186813187,16.44,0.02,43.2,o,22.199,59776.40244585,7350.76,5650.28,643.0,181.6,509.8,11.8,181.4,5205.2,790.2,1.32,2.88,2.71,1.0,3.0,-0.4567,967.6545767381828,22.397653992762965,19.06,30.0
01a59776o0363o,284.214544175824,36.6188186813187,16.38,0.02,45.84,o,22.197,59776.40894345,7372.77,5688.04,684.0,180.6,545.5,11.9,182.3,6942.3,794.8,2.07,2.84,2.67,1.0,3.0,-0.4647,1015.2736191148128,22.14804045365036,19.02,30.0
01a59776o0395o,284.214544175824,36.6188186813187,16.47,0.03,41.21,o,22.195,59776.42423585,7316.65,5613.9,666.0,179.5,478.0,11.6,181.8,6489.6,807.4,1.7,2.95,2.71,1.0,3.0,-0.4627,937.9462442911084,22.76187538447041,18.99,30.0
01a59776o0406o,284.214544175824,36.6188186813187,16.4,0.02,43.51,o,22.195,59776.42927765,7301.8,5730.41,721.0,182.0,530.8,12.2,180.9,5712.0,672.3,1.63,2.86,2.68,1.0,3.0,-0.4657,1001.3605704504436,23.01544641954674,19.0,30.0
02a59778o0436o,284.214544175824,36.6188186813187,16.38,0.02,46.47,o,22.011,59778.44645725,894.54,2980.29,972.0,184.2,790.0,17.0,183.8,6259.8,994.4,1.59,2.3,1.99,1.0,3.0,-0.4307,1020.8613202434287,21.967901828023148,19.06,30.0
02a59778o0471o,284.214544175824,36.6188186813187,16.39,0.02,49.39,o,22.073,59778.46311785,874.86,2940.3,1002.0,185.0,893.9,18.1,190.3,7241.3,940.7,1.63,2.21,1.9,1.0,3.0,-0.4427,1012.0303974084064,20.49194562377465,19.24,30.0
02a59778o0490o,284.214544175824,36.6188186813187,16.38,0.02,54.21,o,22.105,59778.47174145,935.86,3015.85,967.0,180.7,921.5,17.0,178.5,5258.7,766.9,2.4,2.21,1.92,1.0,3.0,-0.4407,1021.7569188397213,18.849557916739297,19.27,30.0
02a59778o0499o,284.214544175824,36.6188186813187,16.33,0.02,44.12,o,22.109,59778.47596415,954.67,2897.02,807.0,189.6,904.5,20.5,50.7,-43174.7,1113.1,7.93,2.29,1.98,1.0,3.0,-0.4347,1061.861779324766,24.066519044950475,19.29,30.0
01a59779o0407o,284.214544175824,36.6188186813187,16.38,0.02,57.56,o,22.2,59779.42694035,7356.49,5647.31,756.0,181.8,558.3,9.7,181.0,6599.9,505.5,2.59,2.82,2.66,1.0,3.0,-0.4557,1016.6164155507994,17.662868047362984,19.32,30.0
01a59779o0414o,284.21454367347,36.6188202040816,16.42,0.02,53.66,o,22.2,59779.43014375,7378.16,5685.23,694.0,181.9,536.6,10.0,183.0,6443.4,517.1,1.67,2.82,2.66,1.0,3.0,-0.4577,978.9041249630122,18.242715709336792,19.33,30.0
01a59779o0430o,284.21454367347,36.6188202040816,16.43,0.02,55.31,o,22.199,59779.43800585,7318.31,5611.02,700.0,182.2,525.4,9.5,183.2,6684.2,528.4,2.11,2.84,2.67,1.0,3.0,-0.4627,974.2679480328591,17.61618863020967,19.31,30.0
02a59779o0205o,284.21454367347,36.6188202040816,16.37,0.02,60.91,o,22.128,59779.44292795,881.35,2970.48,1096.0,182.3,950.2,15.6,185.0,7336.5,622.8,2.42,2.23,1.89,1.0,3.0,-0.4467,1030.2448175935124,16.914143500798563,19.45,30.0
02a59779o0213o,284.21454367347,36.6188202040816,16.37,0.02,60.03,o,22.127,59779.44654935,861.68,2931.5,1109.0,176.7,930.5,15.5,181.7,7392.5,805.7,2.39,2.26,1.92,1.0,3.0,-0.4377,1031.0620224538893,17.175133098372147,19.45,30.0
02a59779o0226o,284.21454367347,36.6188202040816,16.41,0.02,56.53,o,22.125,59779.45243795,921.72,3007.36,1076.0,180.9,859.2,15.2,177.6,3577.6,589.2,1.9,2.29,1.97,1.0,3.0,-0.4417,995.3016456427546,17.607757232041276,19.42,30.0
01a59779o0465o,284.21454367347,36.6188202040816,16.41,0.02,52.27,o,22.197,59779.45482365,7306.56,5728.83,736.0,181.7,527.9,10.1,181.3,6151.5,525.3,1.85,2.86,2.69,1.0,3.0,-0.4577,990.441251866354,18.949529539401738,19.27,30.0
02a59779o0251o,284.21454367347,36.6188202040816,16.37,0.02,56.02,o,22.123,59779.46383215,943.22,2890.17,1001.0,182.8,885.1,15.8,183.9,6995.2,655.5,1.84,2.3,1.96,1.0,3.0,-0.4417,1026.4433689018547,18.323133237655973,19.38,30.0
01a59780o0376o,284.214543018868,36.6188216981132,16.46,0.02,59.07,o,22.202,59780.41718725,7353.25,5647.75,733.0,181.5,525.7,8.9,183.2,6071.4,427.4,2.73,2.8,2.64,1.0,3.0,-0.4607,945.9293057431978,16.0144014097669,19.46,30.0
01a59780o0421o,284.214543018868,36.6188216981132,16.47,0.02,54.18,o,22.2,59780.43899935,7381.65,5686.84,675.0,180.8,509.3,9.4,180.5,5482.4,501.0,1.83,2.83,2.67,1.0,3.0,-0.4577,935.9014461479916,17.273657164325783,19.42,30.0
01a59780o0428o,284.214543018868,36.6188216981132,16.46,0.02,55.15,o,22.198,59780.44219305,7321.23,5612.48,699.0,180.7,468.8,8.5,179.2,5238.7,521.4,2.16,2.97,2.81,1.0,3.0,-0.4497,946.2570267341591,17.156964008618502,19.35,30.0
01a59780o0489o,284.214543018868,36.6188216981132,16.4,0.02,57.64,o,22.194,59780.47094645,7313.35,5734.25,768.0,181.9,530.3,9.2,178.9,4984.0,566.9,1.59,2.87,2.7,1.0,3.0,-0.4567,1003.9822466843551,17.417757249662582,19.3,30.0
02a59781o0387c,284.214543018868,36.6188216981132,17.06,0.03,42.42,c,22.165,59781.41832975,884.8,2975.15,574.0,180.5,386.0,9.1,181.4,3431.3,559.2,2.29,2.52,2.32,1.0,3.0,-0.4097,542.2937206009153,12.784644708467173,19.63,30.0
02a59781o0396c,284.214543018868,36.6188216981132,17.11,0.03,38.89,c,22.167,59781.42240055,865.52,2938.31,577.0,181.6,369.5,9.5,181.4,2508.1,453.2,1.17,2.53,2.31,1.0,3.0,-0.4097,517.9712907715258,13.317259167332868,19.67,30.0
02a59781o0425c,284.214543018868,36.6188216981132,17.05,0.03,40.03,c,22.163,59781.43635625,926.25,3012.9,492.0,180.1,348.3,8.7,179.2,2349.8,460.4,1.79,2.68,2.47,1.0,3.0,-0.3977,548.9641287261558,13.712282285149454,19.57,30.0
02a59781o0436c,284.214543018868,36.6188216981132,17.0,0.03,42.69,c,22.162,59781.44212305,945.81,2895.59,604.0,181.9,397.0,9.3,179.1,3157.6,519.1,1.81,2.56,2.35,1.0,3.0,-0.4077,574.4564097420399,13.457039321413028,19.6,30.0
02a59782o0516o,284.21454220339,36.6188233898305,16.45,0.02,55.67,o,22.107,59782.51563765,883.4,2976.63,937.0,181.3,734.8,13.2,183.1,6836.3,690.7,2.08,2.46,2.05,1.0,3.0,-0.4267,954.150453553434,17.140427309343124,19.32,30.0
02a59782o0530o,284.21454220339,36.6188233898305,16.46,0.02,54.77,o,22.103,59782.52201085,867.73,2935.17,1062.0,182.1,892.8,16.3,184.4,7601.1,626.1,2.33,2.14,1.87,1.0,3.0,-0.4527,945.7324847166057,17.26639729041294,19.48,30.0
02a59782o0561o,284.21454220339,36.6188233898305,16.44,0.02,52.45,o,22.093,59782.53664815,931.53,3007.0,902.0,178.1,765.7,14.6,178.2,6390.6,663.0,1.57,2.34,2.05,1.0,3.0,-0.4297,960.6984960839957,18.31813770775282,19.3,30.0
02a59782o0609o,284.21454220339,36.6188233898305,16.43,0.02,52.2,o,22.074,59782.56005315,945.51,2892.08,1012.0,180.4,877.0,16.8,178.9,6364.6,661.6,1.86,2.17,1.9,1.0,3.0,-0.4427,974.0285200944894,18.658699130658412,19.33,30.0
01a59783o0331o,284.21454220339,36.6188233898305,16.52,0.02,55.16,o,22.202,59783.38745125,7346.54,5645.67,728.0,181.3,507.5,9.2,180.4,5165.3,460.5,1.97,2.77,2.61,1.0,3.0,-0.4657,897.2533082066913,16.265478690643466,19.44,30.0
01a59783o0346o,284.21454220339,36.6188233898305,16.51,0.02,53.57,o,22.203,59783.39434235,7369.94,5684.3,663.0,181.0,525.0,9.8,178.4,4554.9,603.0,1.87,2.74,2.56,1.0,3.0,-0.4747,907.2115627273248,16.934615837576732,19.44,30.0
02a59783o0339c,284.21454220339,36.6188233898305,17.21,0.03,38.06,c,22.174,59783.39553985,887.91,2975.08,495.0,180.1,361.6,9.5,179.6,2999.9,520.8,1.53,2.45,2.23,1.0,3.0,-0.4167,473.8687991735986,12.449539801297528,19.67,30.0
02a59783o0346c,284.21454220339,36.6188233898305,17.24,0.03,35.66,c,22.174,59783.39871325,867.65,2936.43,546.0,180.6,345.9,9.7,181.5,2771.1,523.7,1.38,2.46,2.26,1.0,3.0,-0.4167,461.2674972316319,12.935226143818529,19.68,30.0
02a59783o0359c,284.21454220339,36.6188233898305,17.22,0.03,36.74,c,22.173,59783.40460355,926.73,3012.0,503.0,178.8,334.3,9.1,177.3,2651.9,415.5,1.65,2.54,2.33,1.0,3.0,-0.4097,471.9377954747151,12.846646541489402,19.67,30.0
01a59783o0374o,284.21454220339,36.6188233898305,16.53,0.02,53.08,o,22.195,59783.40788735,7311.63,5608.22,677.0,181.4,509.6,9.6,179.5,4500.0,458.6,2.28,2.74,2.57,1.0,3.0,-0.4727,888.938775961989,16.746099390178756,19.45,30.0
01a59783o0381o,284.21454220339,36.6188233898305,16.49,0.02,55.91,o,22.201,59783.41107615,7296.59,5726.49,763.0,181.2,531.1,9.5,180.6,5859.8,524.2,2.32,2.64,2.64,1.0,3.0,-0.4787,916.9441844877701,16.401750616896656,19.51,30.0
02a59783o0383c,284.21454220339,36.6188233898305,17.19,0.03,39.82,c,22.172,59783.41546975,944.93,2894.33,487.0,181.1,354.4,8.9,179.0,2170.8,417.5,2.33,2.49,2.28,1.0,3.0,-0.4147,482.5992610550955,12.119450968934395,19.7,30.0
01a59785o0212o,284.2145422222225,36.61882563492064,16.6,0.02,49.28,o,22.196,59785.41781485,9910.6,9027.7,592.0,181.8,404.1,8.2,180.2,4006.4,483.8,2.18,3.01,2.84,1.0,3.0,-0.4397,829.3396542920499,16.828966011370472,19.38,30.0
01a59785o0219o,284.2145422222225,36.61882563492064,16.63,0.02,49.62,o,22.198,59785.42100365,9932.48,9066.8,585.0,182.0,431.7,8.7,179.2,3762.4,498.7,1.87,2.86,2.7,1.0,3.0,-0.4567,811.4664921406282,16.353390043139832,19.43,30.0
01a59785o0234o,284.2145422222225,36.61882563492064,16.54,0.02,51.97,o,22.195,59785.42783345,9871.08,8992.64,621.0,181.8,452.1,8.7,178.7,3776.3,455.0,1.63,2.98,2.66,1.0,3.0,-0.4667,882.8586023403632,16.98931616978801,19.42,30.0
01a59785o0264o,284.2145422222225,36.61882563492064,16.64,0.03,42.59,o,22.189,59785.44150595,9859.03,9113.41,520.0,180.0,345.0,8.1,173.9,2280.9,538.5,1.33,3.22,2.95,1.0,3.0,-0.4527,801.4117913732017,18.815755101805603,19.32,30.0
02a59785o0276c,284.2145422222225,36.61882563492064,17.23,0.03,39.11,c,22.164,59785.44462295,889.77,2977.69,555.0,180.7,348.1,8.9,177.3,1572.0,488.6,1.86,2.46,2.25,1.0,3.0,-0.4157,465.9940739288715,11.91424090194472,19.66,30.0
02a59785o0284c,284.2145422222225,36.61882563492064,17.33,0.03,34.18,c,22.163,59785.44830515,870.11,2939.5,467.0,180.9,314.5,9.2,183.6,4371.1,476.2,1.67,2.48,2.26,1.0,3.0,-0.4127,425.53914341334166,12.448203877274223,19.66,30.0
02a59785o0333c,284.2145422222225,36.61882563492064,17.29,0.03,33.23,c,22.153,59785.47064045,931.65,3014.19,480.0,180.7,322.3,9.7,181.1,2367.6,461.0,1.05,2.49,2.26,1.0,3.0,-0.4137,442.3100802285778,13.311845417986982,19.63,30.0
02a59785o0361c,284.2145422222225,36.61882563492064,17.38,0.03,30.86,c,22.148,59785.48342625,951.46,2900.22,442.0,179.9,293.2,9.5,181.9,2680.8,574.3,1.56,2.49,2.27,1.0,3.0,-0.4137,406.02045685678655,13.155505934991382,19.63,30.0
02a59786o0386c,284.2145411643837,36.618830753424646,17.4,0.03,32.75,c,22.192,59786.41625905,8891.92,9561.35,439.0,181.2,301.3,9.2,179.9,2235.7,447.0,2.07,2.46,2.24,1.0,3.0,-0.4297,396.4067147346762,12.104021823959576,19.71,30.0
02a59786o0393c,284.2145411643837,36.618830753424646,17.41,0.03,33.85,c,22.191,59786.41944735,8872.39,9523.12,470.0,181.6,301.3,8.9,182.4,1874.4,459.5,1.86,2.44,2.23,1.0,3.0,-0.4327,392.87334662818984,11.6049544805539,19.72,30.0
02a59786o0406c,284.2145411643837,36.618830753424646,17.44,0.03,33.53,c,22.191,59786.42532535,8928.8,9599.46,410.0,181.7,288.4,8.6,181.7,2307.3,420.8,2.47,2.46,2.25,1.0,3.0,-0.4347,383.2407015855015,11.428120782369325,19.75,30.0
02a59786o0428c,284.2145411643837,36.618830753424646,17.45,0.03,32.69,c,22.189,59786.43551125,8946.31,9485.26,436.0,181.0,287.7,8.8,182.2,2701.6,426.0,2.37,2.46,2.23,1.0,3.0,-0.4317,378.5633597443572,11.579275515294901,19.73,30.0
01a59787o0300o,284.2145411643837,36.618830753424646,16.65,0.02,46.95,o,22.202,59787.37310205,9894.35,9025.49,601.0,182.5,436.6,9.3,179.4,3281.6,498.8,2.28,2.82,2.63,1.0,3.0,-0.4727,796.979835635471,16.97643717684352,19.45,30.0
01a59787o0308o,284.2145411643837,36.618830753424646,16.71,0.02,45.36,o,22.202,59787.37674755,9917.37,9064.07,573.0,181.3,426.4,9.4,178.8,3098.6,495.9,1.55,2.77,2.58,1.0,3.0,-0.4747,751.4073110085234,16.564795317730113,19.45,30.0
01a59787o0321o,284.2145411643837,36.618830753424646,16.65,0.02,48.45,o,22.202,59787.38277085,9855.77,8989.1,552.0,181.4,445.7,9.2,181.9,5231.6,502.6,1.81,2.77,2.61,1.0,3.0,-0.4707,791.6289276239977,16.34055672905717,19.46,30.0
01a59787o0344o,284.2145411643837,36.618830753424646,16.69,0.02,47.64,o,22.201,59787.39386215,9842.66,9107.16,577.0,182.2,419.2,8.8,179.1,2987.8,536.3,2.12,2.82,2.62,1.0,3.0,-0.4747,764.4171444291508,16.046924787634847,19.46,30.0
01a59788o0393o,284.2145411643837,36.618830753424646,16.7,0.02,44.68,o,22.195,59788.42269765,9905.73,9030.69,624.0,180.3,411.1,9.2,176.2,3671.6,511.8,1.82,2.87,2.58,1.0,3.0,-0.4757,756.149770634657,16.92186302563572,19.47,30.0
01a59788o0402o,284.2145411643837,36.618830753424646,16.71,0.02,46.3,o,22.197,59788.42703445,9928.11,9069.3,575.0,181.4,407.4,8.8,177.0,2749.6,529.1,1.69,2.88,2.58,1.0,3.0,-0.4747,749.880333162903,16.197709700131437,19.49,30.0
01a59788o0412o,284.2145411643837,36.618830753424646,16.69,0.02,48.22,o,22.197,59788.43261475,9865.77,8994.37,554.0,181.1,414.7,8.6,177.5,2824.5,475.4,1.76,2.87,2.58,1.0,3.0,-0.4797,764.177740915725,15.847428434712405,19.48,30.0
01a59788o0479o,284.2145411643837,36.618830753424646,16.76,0.02,46.08,o,22.191,59788.46502435,9859.67,9119.07,530.0,181.8,414.7,9.0,179.4,2576.8,428.7,1.75,2.76,2.52,1.0,3.0,-0.4777,720.4476075362478,15.635467730470777,19.47,30.0
01a59789o0154o,284.2145411643837,36.618830753424646,16.69,0.02,45.82,o,22.192,59789.39136425,9906.01,9023.72,531.0,181.8,389.5,8.5,179.3,3012.8,505.6,1.66,2.93,2.7,1.0,3.0,-0.4687,762.6013887206464,16.642135568999986,19.42,30.0
01a59789o0189o,284.2145411643837,36.618830753424646,16.74,0.03,42.28,o,22.194,59789.40818025,9931.12,9064.47,567.0,181.1,363.6,8.6,175.9,2978.7,544.2,2.09,2.96,2.79,1.0,3.0,-0.4547,732.2822953356165,17.32020830551788,19.34,30.0
01a59789o0196o,284.2145411643837,36.618830753424646,16.76,0.03,42.84,o,22.193,59789.41138925,9867.77,8989.57,512.0,181.2,325.6,7.6,176.1,1586.8,492.5,1.74,3.17,2.85,1.0,3.0,-0.4497,714.7386437545783,16.683088736286223,19.31,30.0
01a59789o0212o,284.2145411643837,36.618830753424646,16.8,0.03,40.23,o,22.193,59789.41872545,9852.68,9110.1,437.0,181.7,313.8,7.8,175.2,1664.7,549.8,1.66,3.12,2.97,1.0,3.0,-0.4317,694.9006659278796,17.272865501075398,19.3,30.0
02a59789o0256c,284.2145411643837,36.618830753424646,17.68,0.05,20.75,c,22.058,59789.46534715,8882.95,9562.31,360.0,178.8,220.0,10.6,181.1,1410.8,631.9,1.72,2.39,2.17,1.0,3.0,-0.4307,308.4885583110808,14.863539627715708,19.55,30.0
02a59789o0296c,284.2145411643837,36.618830753424646,17.7,0.05,19.81,c,21.825,59789.48494035,8860.41,9524.28,339.0,180.5,174.3,8.8,177.7,1021.7,462.0,1.67,2.4,2.18,1.0,3.0,-0.4217,303.0566845362792,15.300624348360625,19.29,30.0
02a59789o0333c,284.2145411643837,36.618830753424646,17.7,0.04,24.07,c,22.139,59789.50422825,8912.87,9605.86,309.0,181.7,195.0,8.1,178.4,813.7,416.5,1.92,2.66,2.35,1.0,3.0,-0.4137,301.12225604403017,12.508155251059714,19.59,30.0
02a59789o0348c,284.2145411643837,36.618830753424646,17.71,0.06,16.23,c,21.91,59789.51106925,8930.63,9488.61,324.0,181.4,167.2,10.3,178.2,132.1,535.2,1.48,2.55,2.3,1.0,3.0,-0.4137,299.13211030886623,18.427396747495944,19.34,30.0
02a59790o0296c,284.21454040000015,36.61883246666666,17.63,0.04,27.43,c,22.127,59790.37614615,8897.01,9564.03,355.0,182.4,230.4,8.4,182.2,3054.6,425.8,2.73,2.47,2.24,1.0,3.0,-0.4277,322.54193839860324,11.759341504115744,19.62,30.0
02a59790o0354c,284.21454040000015,36.61883246666666,17.59,0.04,28.08,c,22.189,59790.40360315,8870.24,9524.17,414.0,182.0,247.1,8.8,178.9,1577.0,395.1,1.82,2.5,2.27,1.0,3.0,-0.4297,335.7355706901446,11.956588515067876,19.73,30.0
02a59790o0361c,284.21454040000015,36.61883246666666,17.65,0.04,26.91,c,22.19,59790.40676595,8928.02,9604.67,361.0,181.1,234.1,8.7,178.2,1356.4,484.8,1.74,2.49,2.26,1.0,3.0,-0.4297,315.114178944297,11.710778969736797,19.69,30.0
02a59790o0384c,284.21454040000015,36.61883246666666,17.71,0.04,25.63,c,22.178,59790.41735715,8945.96,9491.58,382.0,181.8,220.4,8.6,180.6,1589.8,413.2,1.63,2.49,2.25,1.0,3.0,-0.4287,298.36797080088155,11.64230739059701,19.68,30.0
01a59791o0340o,284.21454175324686,36.618833181818175,16.81,0.03,42.01,o,22.147,59791.39979215,9900.14,9025.47,547.0,181.7,361.3,8.6,177.9,2036.3,462.4,1.57,2.81,2.6,1.0,3.0,-0.4727,683.4494128187002,16.268101163135405,19.41,30.0
01a59791o0387o,284.21454175324686,36.618833181818175,16.78,0.02,43.43,o,22.18,59791.42297495,9926.68,9067.05,418.0,181.9,304.0,7.0,180.8,3028.3,489.0,2.24,3.2,2.97,1.0,3.0,-0.4377,702.6495242210209,16.179429834036664,19.28,30.0
01a59791o0445o,284.21454175324686,36.618833181818175,16.84,0.03,37.29,o,22.188,59791.45091845,9869.23,8998.47,471.0,182.0,317.0,8.5,178.3,1871.1,471.5,1.73,3.05,2.81,1.0,3.0,-0.4527,665.0038608987512,17.83133380958797,19.33,30.0
01a59791o0470o,284.21454175324686,36.618833181818175,16.81,0.03,38.75,o,22.187,59791.46341105,9853.39,9119.17,472.0,181.0,321.6,8.3,181.9,3326.9,560.3,2.01,3.08,2.85,1.0,3.0,-0.4467,687.8129713743081,17.751391985095637,19.26,30.0
01a59792o0318o,284.21454158227857,36.618832784810124,16.86,0.03,39.1,o,22.198,59792.39086185,7540.18,7184.6,490.0,181.5,336.3,8.6,181.0,3047.8,542.1,1.77,2.91,2.76,1.0,3.0,-0.4507,653.8643865055326,16.72088529273738,19.4,30.0
01a59792o0368o,284.21454158227857,36.618832784810124,16.94,0.03,37.96,o,22.194,59792.41563525,7565.22,7224.67,461.0,182.3,292.3,7.7,179.9,2766.4,480.6,1.55,3.03,2.85,1.0,3.0,-0.4407,607.6801484471798,16.00799569977176,19.38,30.0
01a59792o0377o,284.21454158227857,36.618832784810124,16.81,0.03,42.93,o,22.196,59792.41976825,7506.18,7149.53,528.0,182.2,364.9,8.5,179.0,2620.2,504.4,1.61,2.87,2.7,1.0,3.0,-0.4547,688.3007924101236,16.03331525208564,19.42,30.0
01a59792o0436o,284.21454158227857,36.618832784810124,16.85,0.03,38.92,o,22.19,59792.44849445,7496.86,7274.26,490.0,181.2,326.9,8.4,177.3,2183.1,500.4,1.71,2.97,2.81,1.0,3.0,-0.4447,661.6623683118695,17.002030877392794,19.33,30.0
01a59793o0326o,284.2145400000001,36.61883325301205,16.92,0.03,36.96,o,22.199,59793.38311645,7542.33,7188.04,480.0,181.2,328.9,8.9,179.1,2598.1,561.6,1.56,2.87,2.7,1.0,3.0,-0.4547,618.6831380343563,16.74150175891083,19.32,30.0
01a59793o0333o,284.2145400000001,36.61883325301205,16.82,0.03,39.46,o,22.2,59793.38631275,7564.83,7226.33,515.0,182.4,370.9,9.4,179.6,2321.9,488.2,1.9,2.83,2.67,1.0,3.0,-0.4547,679.6937484865093,17.225994164931755,19.34,30.0
01a59793o0348o,284.2145400000001,36.61883325301205,16.93,0.03,35.94,o,22.199,59793.39316385,7504.96,7151.49,486.0,180.9,334.2,9.3,180.0,2278.4,526.4,2.13,2.83,2.66,1.0,3.0,-0.4597,613.5264111114651,17.072997077608097,19.37,30.0
02a59793o0346c,284.2145400000001,36.61883325301205,17.93,0.05,19.96,c,22.185,59793.39898855,8898.04,9566.09,327.0,179.7,155.7,7.8,180.6,1182.3,449.4,1.63,2.69,2.46,1.0,3.0,-0.4147,244.19386286200617,12.233218563414567,19.59,30.0
01a59793o0370o,284.2145400000001,36.61883325301205,16.9,0.03,38.74,o,22.199,59793.40319945,7491.46,7269.51,558.0,181.1,340.9,8.8,179.4,2793.7,500.3,1.58,2.85,2.69,1.0,3.0,-0.4467,629.7713311478474,16.256930812851447,19.36,30.0
02a59793o0391c,284.2145400000001,36.61883325301205,17.88,0.05,21.04,c,22.182,59793.42131895,8871.25,9526.75,321.0,181.1,166.2,7.9,178.7,799.6,491.4,1.76,2.65,2.44,1.0,3.0,-0.4197,256.5815740098702,12.196115732117779,19.61,30.0
02a59793o0403c,284.2145400000001,36.61883325301205,17.84,0.05,22.7,c,22.18,59793.42748095,8931.49,9605.99,314.0,180.8,168.0,7.4,176.6,286.6,426.6,1.98,2.57,2.57,1.0,3.0,-0.4177,264.93191193355847,11.669619930406743,19.6,30.0
02a59793o0411c,284.2145400000001,36.61883325301205,17.87,0.05,21.78,c,22.181,59793.43136065,8949.94,9488.46,331.0,180.8,178.6,8.2,177.2,215.5,485.5,2.61,2.56,2.35,1.0,3.0,-0.4267,258.4330347101469,11.865346498450194,19.67,30.0

