MJD	m	dm	uJy	duJy	F	err	chi/N	RA	Dec	x	y	maj	min	phi	apfit	mag5sig	Sky	Obs
58074.564997	-21.921	1.649	-6	10	c	0	1.09	136.46285	-8.58543	10184.56	3280.48	3.1	2.56	58.8	-0.44799999999999995	19.65	21.41	02a58074o0660c
58074.573234	-21.735	1.524	-7	11	c	0	1.0	136.46285	-8.58543	10201.92	3322.05	3.14	2.67	62.5	-0.43700000000000006	19.63	21.42	02a58074o0677c
58074.574632	21.337	1.0290000000000001	11	11	c	0	0.72	136.46285	-8.58543	438.61	3255.78	2.96	2.55	54.2	-0.418	19.6	21.36	02a58074o0680c
58074.58128200001	-21.584	1.0959999999999999	-8	9	c	0	1.42	136.46285	-8.58543	10142.83	3245.61	3.03	2.57	63.3	-0.44299999999999995	19.67	21.45	02a58074o0694c
58074.582691999996	22.019000000000002	1.3330000000000002	6	8	c	0	1.45	136.46285	-8.58543	455.95	3296.47	2.84	2.46	56.5	-0.428	19.63	21.4	02a58074o0697c
58074.589415999995	-21.326	0.915	-11	10	c	0	1.07	136.46285	-8.58543	10122.09	3363.95	2.9	2.49	61.1	-0.455	19.72	21.48	02a58074o0711c
58074.590843	21.614	1.085	8	9	c	0	1.18	136.46285	-8.58543	395.88	3219.71	2.72	2.44	53.6	-0.441	19.67	21.44	02a58074o0714c
58074.598866	-22.859	2.526	-3	7	c	0	1.78	136.46285	-8.58543	375.17	3338.1	2.75	2.4	56.1	-0.44	19.68	21.45	02a58074o0731c
58078.55362100001	21.765	1.273	7	9	c	0	1.27	136.46285	-8.58543	9452.59	3042.0	2.91	2.67	43.0	-0.435	19.69	21.58	02a58078o0758c
58078.56182	21.421	1.136	10	11	c	0	0.87	136.46285	-8.58543	9470.42	3083.84	2.73	2.45	64.0	-0.469	19.77	21.6	02a58078o0775c
58078.569897	21.933000000000003	1.524	6	9	c	0	1.05	136.46285	-8.58543	9410.86	3007.05	2.71	2.49	57.7	-0.469	19.75	21.59	02a58078o0792c
58082.534389	-16.868	0.778	-650	506	c	0	1.18	136.46285	-8.58543	4650.55	10381.32	2.93	2.56	29.1	-0.44299999999999995	16.04	17.61	02a58082o0731c
58082.540130999994	18.227	0.44299999999999995	186	82	c	0	1.4	136.46285	-8.58543	819.72	714.92	2.8	2.37	41.1	-0.466	16.79	18.32	02a58082o0743c
58082.542413999996	-15.638	0.9279999999999999	-2018	1872	c	0	1.15	136.46285	-8.58543	4667.66	10423.3	2.96	2.59	29.6	-0.45	15.38	17.03	02a58082o0748c
58082.548123	-21.87	1.465	-6	10	c	0	0.94	136.46285	-8.58543	838.15	755.69	2.76	2.44	45.0	-0.47100000000000003	19.67	21.36	02a58082o0760c
58082.550515999996	-21.766	1.49	-7	11	c	0	1.39	136.46285	-8.58543	4609.67	10346.34	2.66	2.34	25.7	-0.44299999999999995	19.7	21.41	02a58082o0765c
58082.556125999996	24.013	9.667	1	9	c	0	1.31	136.46285	-8.58543	778.27	678.69	2.73	2.44	40.7	-0.47	19.65	21.41	02a58082o0777c
58082.558476	20.046	0.537	35	19	c	0	0.92	136.46285	-8.58543	4588.67	10466.27	2.67	2.32	29.8	-0.44799999999999995	19.76	21.48	02a58082o0782c
58082.564122	21.476999999999997	0.985	9	9	c	0	1.22	136.46285	-8.58543	757.84	798.21	2.65	2.34	45.1	-0.49200000000000005	19.77	21.46	02a58082o0794c
58110.486796000005	22.858	3.111	3	8	c	0	1.22	136.46285	-8.58543	9314.67	1961.85	2.73	2.59	85.9	-0.402	19.78	21.8	02a58110o0603c
58134.548475	20.703000000000003	0.46799999999999997	19	9	c	0	0.99	136.46285	-8.58543	1039.13	9093.43	2.62	2.42	19.8	-0.446	19.81	21.91	02a58134o0746c
58134.558473000005	22.624000000000002	2.75	3	9	c	0	0.87	136.46285	-8.58543	1023.19	9053.9	2.56	2.4	11.1	-0.449	19.83	21.89	02a58134o0767c
58134.568448000005	21.026999999999997	0.61	14	9	c	0	1.37	136.46285	-8.58543	1083.81	9131.02	2.57	2.36	14.4	-0.44299999999999995	19.82	21.85	02a58134o0788c
58134.578527	-22.031	1.675	-6	9	c	0	0.8	136.46285	-8.58543	1106.79	9012.82	2.63	2.41	13.3	-0.43700000000000006	19.77	21.78	02a58134o0809c
58221.309039	-24.921999999999997	21.666999999999998	0	8	c	0	1.09	136.46285	-8.58543	2683.09	6152.39	2.56	2.46	-63.1	-0.39899999999999997	19.71	21.61	02a58221o0179c
58221.317777	-21.308000000000003	0.8170000000000001	-11	9	c	0	0.9	136.46285	-8.58543	2742.65	6229.48	2.61	2.48	-66.7	-0.39399999999999996	19.69	21.6	02a58221o0198c
58221.326521	-20.811	0.45799999999999996	-17	8	c	0	1.6	136.46285	-8.58543	2763.48	6112.82	2.54	2.44	-69.3	-0.42100000000000004	19.74	21.61	02a58221o0217c
58226.345009000004	17.867	0.8190000000000001	259	212	c	0	1.61	136.46285	-8.58543	1572.32	6686.06	2.85	2.62	-59.4	-0.38299999999999995	16.01	17.46	02a58226o0054c
58226.355395000006	15.767999999999999	0.807	1789	1444	c	0	1.23	136.46285	-8.58543	1555.83	6645.53	2.75	2.5	-58.5	-0.36200000000000004	14.17	15.54	02a58226o0076c
58226.366243	17.222	0.867	469	407	c	0	1.05	136.46285	-8.58543	1615.83	6721.43	2.61	2.55	-43.5	-0.423	15.43	16.84	02a58226o0099c
58226.37665700001	19.741	2.7	46	124	c	0	1.04	136.46285	-8.58543	1637.09	6603.91	2.51	2.41	-45.7	-0.41700000000000004	16.67	18.08	02a58226o0121c
58454.628501	21.947	10.214	6	62	c	0	1.26	136.46285	-8.58543	29.83	6454.53	2.82	2.52	20.3	-0.402	19.59	21.54	02a58454o0934c
58454.640082000005	-21.395	0.8	-10	8	c	0	1.76	136.46285	-8.58543	9793.05	6489.38	2.86	2.74	86.9	-0.43799999999999994	19.57	21.5	02a58454o0958c
58454.646889999996	20.398	0.513	25	13	c	0	0.82	136.46285	-8.58543	68.33	6492.5	2.91	2.71	36.3	-0.391	19.56	21.47	02a58454o0972c
58454.649272	21.75	1.5230000000000001	7	11	c	0	1.1	136.46285	-8.58543	9772.77	6450.47	2.84	2.68	83.7	-0.449	19.57	21.39	02a58454o0977c
58454.65614500001	-21.951	1.63	-6	10	c	0	1.95	136.46285	-8.58543	108.32	6378.45	2.62	2.47	22.1	-0.395	19.36	20.83	02a58454o0991c
58454.658487	-23.491	10.889000000000001	-2	16	c	0	1.01	136.46285	-8.58543	9830.92	6528.38	2.79	2.65	84.5	-0.442	19.22	20.44	02a58454o0996c
58454.667704	-19.162	1.0	-78	78	c	0	1.28	136.46285	-8.58543	9851.12	6413.03	2.79	2.64	-86.4	-0.48200000000000004	17.49	18.17	02a58454o1015c
58458.58046699999	-20.625	0.45799999999999996	-20	9	c	0	1.04	136.46285	-8.58543	2311.72	8325.71	2.57	2.37	13.7	-0.45299999999999996	19.77	21.77	02a58458o0485c
58458.589966	22.641	2.72	3	9	c	0	1.18	136.46285	-8.58543	2332.58	8365.46	2.52	2.35	15.0	-0.451	19.8	21.8	02a58458o0503c
58458.60028300001	-24.04	9.714	-1	8	c	0	1.02	136.46285	-8.58543	2267.94	8289.38	2.51	2.3	13.0	-0.45299999999999996	19.82	21.8	02a58458o0522c
58458.610229	22.566	2.84	3	10	c	0	0.91	136.46285	-8.58543	2254.1	8406.98	2.61	2.42	18.2	-0.45	19.77	21.79	02a58458o0541c
58462.57330900001	20.996	0.675	14	10	c	0	0.98	136.46285	-8.58543	4235.17	6388.86	3.01	2.89	-4.1	-0.41100000000000003	19.61	21.91	02a58462o0805c
58462.58313200001	20.355999999999998	0.31	26	8	c	0	1.36	136.46285	-8.58543	6343.38	4120.3	3.21	3.13	62.1	-0.39399999999999996	19.52	21.93	02a58462o0823c
58462.59235	21.773000000000003	1.2919999999999998	7	9	c	0	1.1	136.46285	-8.58543	4201.12	6347.98	2.68	2.65	18.9	-0.414	19.74	21.93	02a58462o0840c
58462.602016	23.058000000000003	3.917	2	8	c	0	1.43	136.46285	-8.58543	4178.85	6464.5	2.98	2.95	43.9	-0.402	19.63	21.93	02a58462o0858c
58486.521234	-21.784000000000002	1.3619999999999999	-7	10	c	0	1.22	136.46285	-8.58543	2494.39	242.25	2.77	2.41	50.3	-0.409	19.7	21.78	02a58486o0688c
58486.529028	-21.061	0.718	-14	10	c	0	0.92	136.46285	-8.58543	6118.05	9978.78	2.84	2.73	10.7	-0.418	19.63	21.77	02a58486o0704c
58486.53000700001	22.305999999999997	2.345	4	10	c	0	0.97	136.46285	-8.58543	2473.21	203.71	2.78	2.45	47.7	-0.405	19.68	21.76	02a58486o0706c
58486.537778	-21.601	1.0	-8	8	c	0	1.39	136.46285	-8.58543	6097.24	9940.36	2.84	2.71	25.3	-0.41600000000000004	19.65	21.77	02a58486o0722c
58486.538235	21.406999999999996	1.136	10	11	c	0	1.07	136.46285	-8.58543	2530.53	284.48	2.74	2.46	46.8	-0.413	19.66	21.77	02a58486o0723c
58486.545771000005	-21.619	0.917	-8	8	c	0	1.4	136.46285	-8.58543	6154.29	10020.38	2.82	2.66	25.9	-0.431	19.68	21.79	02a58486o0739c
58486.546824000005	23.826	8.429	1	9	c	0	1.32	136.46285	-8.58543	2549.9	168.32	2.81	2.46	45.5	-0.413	19.68	21.78	02a58486o0741c
58486.554586	22.248	2.0709999999999997	5	10	c	0	1.06	136.46285	-8.58543	6171.08	9904.79	2.71	2.65	34.8	-0.43	19.69	21.79	02a58486o0757c
58490.507798	21.331999999999997	0.899	11	10	c	0	1.14	136.46285	-8.58543	2493.32	6072.14	2.67	2.62	-7.5	-0.413	19.63	21.82	02a58490o0660c
58490.516523	-21.495	0.9	-9	8	c	0	1.23	136.46285	-8.58543	2472.96	6034.51	2.67	2.58	-12.2	-0.414	19.63	21.81	02a58490o0678c
58490.524692	21.403000000000002	0.7879999999999999	10	8	c	0	1.22	136.46285	-8.58543	2529.57	6113.35	2.64	2.6	-23.4	-0.41200000000000003	19.6	21.83	02a58490o0695c
58490.533289	22.015	1.421	6	8	c	0	1.23	136.46285	-8.58543	2548.84	5999.09	2.63	2.59	-35.4	-0.406	19.63	21.85	02a58490o0713c
58494.475652	22.078000000000003	1.714	5	9	c	0	0.89	136.46285	-8.58543	8107.39	6410.76	2.64	2.59	66.0	-0.409	19.69	21.88	02a58494o0585c
58494.484257000004	21.873	1.119	6	7	c	0	2.11	136.46285	-8.58543	8132.12	6448.11	2.65	2.61	86.5	-0.40299999999999997	19.72	21.89	02a58494o0602c
58494.493101	-21.206	0.7090000000000001	-12	8	c	0	1.19	136.46285	-8.58543	8073.67	6372.08	2.64	2.57	87.4	-0.40700000000000003	19.71	21.9	02a58494o0619c
58494.501276999996	-22.124000000000002	1.6	-5	8	c	0	1.24	136.46285	-8.58543	8052.44	6488.5	2.6	2.52	-79.1	-0.413	19.7	21.92	02a58494o0636c
58518.464579	-22.234	1.839	-5	8	c	0	1.0	136.46285	-8.58543	606.01	2183.62	2.76	2.45	38.1	-0.475	19.78	21.85	02a58518o0523c
58518.473424	-22.726999999999997	2.65	-3	8	c	0	1.66	136.46285	-8.58543	586.34	2144.04	2.73	2.42	34.0	-0.48100000000000004	19.81	21.85	02a58518o0541c
58518.474390999996	22.406999999999996	2.2	4	9	c	0	1.06	136.46285	-8.58543	10230.2	2201.34	2.76	2.61	61.6	-0.45399999999999996	19.81	21.84	02a58518o0543c
58518.48173300001	-21.331	0.685	-11	7	c	0	1.48	136.46285	-8.58543	644.28	2222.7	2.72	2.42	31.2	-0.475	19.77	21.85	02a58518o0558c
58518.483325	21.401999999999997	0.81	10	8	c	0	1.31	136.46285	-8.58543	10210.93	2163.0	2.77	2.62	63.1	-0.46299999999999997	19.8	21.85	02a58518o0561c
58518.490699	21.648000000000003	0.945	8	8	c	0	1.69	136.46285	-8.58543	663.03	2107.43	2.68	2.37	33.7	-0.486	19.79	21.84	02a58518o0576c
58518.491696000005	-21.463	0.9179999999999999	-9	9	c	0	1.41	136.46285	-8.58543	10268.35	2240.93	2.66	2.61	53.4	-0.461	19.79	21.84	02a58518o0578c
58518.500592	24.131999999999998	10.2	1	8	c	0	1.41	136.46285	-8.58543	10288.39	2125.95	2.78	2.64	27.2	-0.45799999999999996	19.78	21.84	02a58518o0596c
58574.387299	-23.406	9.4	-2	15	c	0	1.17	136.46285	-8.58543	10287.86	4086.41	3.71	3.25	-12.2	-0.379	19.1	21.38	02a58574o0011c
58578.35205	-23.497	4.545	-1	7	c	0	1.55	136.46285	-8.58543	4417.18	2228.17	2.52	2.37	66.3	-0.39799999999999996	19.71	21.72	02a58578o0284c
58578.361020000004	24.585	14.75	0	8	c	0	1.26	136.46285	-8.58543	4398.0	2189.17	2.53	2.37	70.9	-0.396	19.66	21.72	02a58578o0303c
58578.369915999996	-22.916999999999998	3.333	-2	8	c	0	1.0	136.46285	-8.58543	4456.38	2267.71	2.57	2.4	70.2	-0.39299999999999996	19.65	21.68	02a58578o0322c
58578.378975	-21.531	0.8240000000000001	-9	7	c	0	1.3	136.46285	-8.58543	4477.66	2150.58	2.49	2.34	77.9	-0.39899999999999997	19.68	21.67	02a58578o0341c
58582.345936	-20.375999999999998	0.38	-26	10	c	0	1.26	136.46285	-8.58543	4165.58	8035.84	2.65	2.52	-64.8	-0.401	19.55	21.51	02a58582o0268c
58582.354976	21.344	0.904	10	10	c	0	1.1	136.46285	-8.58543	4147.02	7995.9	2.54	2.45	75.2	-0.401	19.6	21.5	02a58582o0287c
58582.36403	-20.706	0.5429999999999999	-19	10	c	0	1.1	136.46285	-8.58543	4204.74	8072.89	2.56	2.46	85.1	-0.4	19.56	21.45	02a58582o0306c
58582.372988999996	-22.517	3.043	-4	11	c	0	1.13	136.46285	-8.58543	4225.38	7956.12	2.64	2.51	-65.6	-0.39899999999999997	19.52	21.41	02a58582o0325c
58610.297525	20.754	0.483	18	9	c	0	1.13	136.46285	-8.58543	255.31	8022.86	2.49	2.31	-60.9	-0.392	19.63	21.28	02a58610o0115c
58610.310794000005	-20.871	0.511	-16	8	c	0	1.39	136.46285	-8.58543	240.28	7981.65	2.49	2.34	-69.0	-0.39	19.62	21.27	02a58610o0142c
58610.313171	21.64	1.264	8	10	c	0	1.35	136.46285	-8.58543	10011.72	8058.6	2.67	2.61	-79.7	-0.39899999999999997	19.65	21.34	02a58610o0147c
58610.319772	-21.791	1.4040000000000001	-7	10	c	0	0.93	136.46285	-8.58543	300.21	8058.95	2.43	2.32	-63.2	-0.39399999999999996	19.59	21.24	02a58610o0161c
58610.322133	-21.1	0.826	-13	11	c	0	0.82	136.46285	-8.58543	9993.72	8019.11	2.67	2.61	-77.6	-0.39899999999999997	19.64	21.31	02a58610o0166c
58610.328653	22.004	1.617	6	9	c	0	1.49	136.46285	-8.58543	323.74	7940.75	2.43	2.25	-53.9	-0.40700000000000003	19.57	21.23	02a58610o0180c
58610.331037	22.854	3.9410000000000003	3	10	c	0	1.16	136.46285	-8.58543	10053.99	8096.67	2.65	2.61	-57.2	-0.39899999999999997	19.59	21.3	02a58610o0185c
58610.339951999995	-21.426	1.082	-10	11	c	0	1.17	136.46285	-8.58543	10075.23	7979.07	2.74	2.56	-52.3	-0.40399999999999997	19.58	21.24	02a58610o0204c
58782.611335	-21.401999999999997	2.5140000000000002	-10	25	c	0	0.79	136.46285	-8.58543	5505.64	3677.01	2.64	2.31	37.0	-0.386	18.7	20.26	02a58782o0776c
58782.614428	22.486	4.062	4	15	c	0	1.18	136.46285	-8.58543	5516.6	3718.25	2.42	2.34	34.0	-0.39	18.84	20.36	02a58782o0782c
58782.620569000006	19.945999999999998	0.8	38	30	c	0	0.93	136.46285	-8.58543	5466.38	3638.49	2.37	2.27	52.6	-0.395	18.32	19.8	02a58782o0794c
58782.63394199999	-20.963	0.741	-15	11	c	0	1.21	136.46285	-8.58543	5447.21	3756.01	2.33	2.25	43.9	-0.39799999999999996	19.39	20.91	02a58782o0821c
58790.529562	22.055	2.175	6	12	c	0	1.29	136.46285	-8.58543	1369.31	7267.57	2.4	2.31	-0.1	-0.413	19.34	20.89	02a58790o0729c
58790.533075	21.857	1.551	7	10	c	0	1.38	136.46285	-8.58543	1390.91	7305.23	2.39	2.3	-13.9	-0.408	19.38	20.9	02a58790o0736c
58790.53918099999	22.124000000000002	2.3080000000000003	5	12	c	0	1.07	136.46285	-8.58543	1334.64	7228.51	2.39	2.29	-21.3	-0.413	19.41	20.95	02a58790o0749c
58790.549625	-22.566	2.63	-3	9	c	0	1.44	136.46285	-8.58543	1313.67	7343.72	2.37	2.26	-34.3	-0.42100000000000004	19.42	21.0	02a58790o0770c
58794.568419	-22.265	2.375	-4	11	c	0	1.19	136.46285	-8.58543	1079.34	1437.95	2.62	2.38	-59.4	-0.41100000000000003	19.51	21.18	02a58794o0660c
58794.57139	-21.503	1.032	-9	9	c	0	1.25	136.46285	-8.58543	1099.41	1476.31	2.71	2.34	-60.3	-0.41600000000000004	19.54	21.22	02a58794o0666c
58794.576720000005	21.583000000000002	1.21	8	10	c	0	0.93	136.46285	-8.58543	1039.28	1399.0	2.56	2.39	-66.1	-0.405	19.53	21.25	02a58794o0677c
58794.587541999994	21.401999999999997	0.907	10	9	c	0	1.15	136.46285	-8.58543	1018.38	1515.55	2.54	2.35	-62.1	-0.41	19.6	21.31	02a58794o0700c
58814.520314999994	20.589000000000002	1.595	21	34	c	0	1.22	136.46285	-8.58543	7461.29	3597.19	2.86	2.45	34.5	-0.37200000000000005	18.31	20.1	02a58814o0624c
58814.524324	-19.535999999999998	0.43	-56	24	c	0	1.07	136.46285	-8.58543	7481.13	3636.2	2.79	2.41	36.4	-0.37799999999999995	18.58	20.38	02a58814o0632c
58814.53030399999	19.854	0.9570000000000001	42	40	c	0	1.0	136.46285	-8.58543	7424.39	3557.72	2.85	2.42	32.7	-0.37200000000000005	18.29	20.1	02a58814o0644c
58814.54014600001	21.965999999999998	2.481	6	15	c	0	1.34	136.46285	-8.58543	7409.42	3673.66	2.48	2.39	39.2	-0.389	19.09	20.88	02a58814o0665c
58846.49630700001	20.818	0.595	17	10	c	0	0.95	136.46285	-8.58543	7670.36	7457.96	3.24	3.16	-58.5	-0.38799999999999996	19.59	21.99	02a58846o0655c
58846.499648000005	0.0	21.311	0	11	c	0	1.01	136.46285	-8.58543	7689.66	7496.68	3.58	3.46	-83.1	-0.402	19.47	21.99	02a58846o0662c
58846.504836	22.008000000000003	1.68	6	10	c	0	1.19	136.46285	-8.58543	7631.6	7417.57	3.37	3.2	-80.3	-0.396	19.59	22.0	02a58846o0673c
58846.516403999995	20.717	0.45299999999999996	19	8	c	0	1.41	136.46285	-8.58543	7607.33	7540.87	3.11	2.96	-63.3	-0.41	19.63	22.0	02a58846o0697c
58869.548123	22.590999999999998	2.32	3	8	c	0	1.4	136.46285	-8.58543	4937.31	4949.51	2.58	2.39	42.5	-0.396	19.74	21.88	02a58869o0723c
58869.55094	22.86	3.158	3	8	c	0	0.67	136.46285	-8.58543	4917.48	4911.0	2.73	2.32	39.7	-0.405	19.74	21.84	02a58869o0729c
58869.556728999996	22.682	2.455	3	8	c	0	1.2	136.46285	-8.58543	4978.88	4991.16	2.62	2.45	45.7	-0.39299999999999996	19.69	21.82	02a58869o0741c
58869.567342999995	21.18	0.602	12	7	c	0	1.2	136.46285	-8.58543	5001.21	4874.34	2.49	2.41	53.1	-0.39799999999999996	19.72	21.77	02a58869o0762c
58870.446058	-23.076	3.722	-2	8	c	0	0.96	136.46285	-8.58543	5628.87	5605.12	2.42	2.24	32.9	-0.405	19.89	21.97	02a58870o0532c
58870.448809	-21.791	0.9490000000000001	-7	7	c	0	1.63	136.46285	-8.58543	5647.98	5643.55	2.4	2.24	33.3	-0.406	19.9	21.97	02a58870o0538c
58870.45609299999	-23.479	4.75	-2	7	c	0	1.31	136.46285	-8.58543	5588.86	5566.5	2.47	2.29	32.6	-0.4	19.87	21.97	02a58870o0553c
58870.465829999994	-22.439	2.0	-4	8	c	0	0.96	136.46285	-8.58543	5572.32	5683.39	2.43	2.26	37.3	-0.405	19.87	21.96	02a58870o0574c
58873.517283	21.406999999999996	0.833	10	8	c	0	0.99	136.46285	-8.58543	4936.87	4945.95	2.77	2.31	40.8	-0.387	19.78	21.88	02a58873o0666c
58873.520491999996	22.13	1.7	5	9	c	0	1.01	136.46285	-8.58543	4918.52	4907.81	2.58	2.27	42.7	-0.39899999999999997	19.84	21.87	02a58873o0673c
58873.527351	-22.525	1.786	-4	6	c	0	1.8	136.46285	-8.58543	4976.91	4986.25	2.59	2.25	40.0	-0.39399999999999996	19.83	21.86	02a58873o0687c
58873.538767	-21.338	0.575	-11	6	c	0	2.24	136.46285	-8.58543	4996.7	4870.15	2.65	2.28	40.4	-0.395	19.77	21.83	02a58873o0711c
58874.465453	21.863000000000003	1.271	6	8	c	0	1.07	136.46285	-8.58543	5846.1	9495.12	2.62	2.35	-54.3	-0.414	19.93	22.08	02a58874o0575c
58874.47253300001	21.933000000000003	1.213	6	7	c	0	1.32	136.46285	-8.58543	4707.29	1020.08	2.57	2.3	-63.2	-0.41600000000000004	19.82	22.09	02a58874o0590c
58874.477474	21.811999999999998	0.981	7	7	c	0	1.26	136.46285	-8.58543	4765.19	1100.05	2.61	2.29	-58.5	-0.418	19.85	22.1	02a58874o0600c
58874.491776999996	21.267	0.696	11	8	c	0	1.01	136.46285	-8.58543	4784.71	984.56	2.48	2.24	-63.5	-0.42100000000000004	19.87	22.1	02a58874o0630c
58877.481988	21.679000000000002	1.036	8	8	c	0	1.12	136.46285	-8.58543	4722.66	1063.36	2.59	2.47	80.0	-0.40700000000000003	19.69	21.94	02a58877o0588c
58877.484985	21.421	0.685	10	7	c	0	1.66	136.46285	-8.58543	4703.41	1026.18	2.54	2.42	76.8	-0.405	19.74	21.94	02a58877o0594c
58877.502942	-21.029	0.514	-14	7	c	0	0.98	136.46285	-8.58543	4762.44	1104.0	2.5	2.37	-77.7	-0.41200000000000003	19.78	21.91	02a58877o0632c
58877.508939	23.070999999999998	3.437	2	7	c	0	1.5	136.46285	-8.58543	4785.38	991.29	2.53	2.39	-83.5	-0.41	19.74	21.9	02a58877o0645c
58878.362682000006	21.604	1.1840000000000002	8	10	c	0	1.3	136.46285	-8.58543	5840.41	9490.99	2.46	2.44	-81.9	-0.40399999999999997	19.18	21.12	02a58878o0343c
58878.365996	-23.254	5.4	-2	10	c	0	1.43	136.46285	-8.58543	5860.08	9529.07	2.58	2.42	-55.6	-0.406	19.43	21.39	02a58878o0350c
58878.37155900001	21.769000000000002	1.348	7	10	c	0	1.38	136.46285	-8.58543	5800.89	9451.68	2.48	2.44	-70.4	-0.405	19.64	21.57	02a58878o0362c
58878.38326	22.752	6.332999999999999	3	18	c	0	1.55	136.46285	-8.58543	5781.6	9568.4	2.51	2.38	-58.8	-0.40700000000000003	19.11	20.92	02a58878o0387c
58902.39114299999	21.656	0.9540000000000001	8	8	c	0	1.25	136.46285	-8.58543	3144.9	3284.8	2.45	2.26	-55.7	-0.40399999999999997	19.8	21.82	02a58902o0394c
58902.39405	21.436	1.015	10	10	c	0	1.02	136.46285	-8.58543	7403.84	7226.23	2.62	2.54	44.6	-0.405	19.75	21.83	02a58902o0400c
58902.404104999994	22.357	2.286	4	10	c	0	0.92	136.46285	-8.58543	7462.93	7306.66	2.64	2.53	-67.6	-0.409	19.74	21.85	02a58902o0420c
58902.410423	22.044	1.676	6	9	c	0	0.81	136.46285	-8.58543	7481.16	7190.4	2.65	2.56	65.5	-0.401	19.79	21.86	02a58902o0433c
58929.412388	23.213	4.667	2	9	c	0	1.14	136.46285	-8.58543	3003.74	5034.37	2.4	2.27	-69.5	-0.405	19.69	21.57	02a58929o0405c
58929.415325	-23.089000000000002	3.9410000000000003	-2	8	c	0	0.9	136.46285	-8.58543	2986.8	4995.67	2.39	2.25	50.9	-0.39899999999999997	19.72	21.58	02a58929o0411c
58929.420602	-26.239	80.0	0	9	c	0	1.06	136.46285	-8.58543	3045.95	5077.52	2.26	2.19	-72.9	-0.413	19.72	21.56	02a58929o0422c
58929.43040599999	25.443	38.0	0	9	c	0	1.02	136.46285	-8.58543	3064.65	4958.03	2.31	2.21	-61.5	-0.41200000000000003	19.69	21.52	02a58929o0442c
58930.366916	21.964000000000002	1.489	6	9	c	0	1.36	136.46285	-8.58543	3211.46	8913.36	2.47	2.23	-51.6	-0.42	19.74	21.78	02a58930o0303c
58930.370278999995	23.955	10.286	1	10	c	0	1.15	136.46285	-8.58543	3193.97	8873.42	2.56	2.31	-52.6	-0.414	19.72	21.76	02a58930o0310c
58930.376435000006	20.595	0.45799999999999996	21	10	c	0	1.21	136.46285	-8.58543	3252.82	8952.12	2.66	2.4	-51.5	-0.409	19.68	21.76	02a58930o0321c
58930.386595	20.796999999999997	0.6829999999999999	17	12	c	0	0.72	136.46285	-8.58543	3274.96	8835.38	2.49	2.29	-51.9	-0.413	19.66	21.61	02a58930o0342c
58934.308998	19.654	0.414	50	21	c	0	1.06	136.46285	-8.58543	3219.95	8911.71	3.65	3.25	-49.6	-0.37	18.83	21.11	02a58934o0196c
58934.31225	-20.415	0.5	-25	12	c	0	1.25	136.46285	-8.58543	3200.76	8871.77	3.13	2.83	-49.9	-0.389	19.35	21.56	02a58934o0203c
58934.317846000005	-21.261	1.2770000000000001	-11	14	c	0	0.86	136.46285	-8.58543	3259.41	8950.92	3.48	3.1	-50.6	-0.37799999999999995	19.39	21.74	02a58934o0215c
58934.328627999996	21.522	1.239	9	11	c	0	1.08	136.46285	-8.58543	3282.93	8835.51	3.08	2.74	-49.7	-0.389	19.5	21.73	02a58934o0238c
58957.363494000005	21.986	9.2	6	54	c	0	1.18	136.46285	-8.58543	7156.96	1466.63	2.56	2.5	-77.9	-0.381	17.82	19.39	02a58957o0265c
58957.36634400001	21.826	8.077	7	54	c	0	0.84	136.46285	-8.58543	7139.97	1427.34	2.51	2.43	-68.6	-0.38299999999999995	17.94	19.46	02a58957o0271c
58957.372642999995	-22.354	9.333	-4	39	c	0	1.11	136.46285	-8.58543	7196.34	1503.12	2.48	2.4	-71.8	-0.385	18.04	19.55	02a58957o0284c
58957.383915	-20.961	2.077	-15	31	c	0	1.41	136.46285	-8.58543	7218.36	1385.82	2.61	2.48	-56.1	-0.41	18.36	19.96	02a58957o0306c
58958.294815999994	23.493000000000002	6.25	2	9	c	0	1.4	136.46285	-8.58543	7164.6	1462.3	2.41	2.31	-73.9	-0.397	19.71	21.47	02a58958o0153c
58958.298016999994	25.445	33.0	0	8	c	0	1.05	136.46285	-8.58543	7146.5	1423.29	2.42	2.27	-67.0	-0.39899999999999997	19.69	21.46	02a58958o0160c
58958.304714	21.555999999999997	0.972	9	8	c	0	1.05	136.46285	-8.58543	7205.79	1501.89	2.44	2.24	-64.4	-0.402	19.73	21.46	02a58958o0174c
58958.316030999995	21.406999999999996	0.8640000000000001	10	9	c	0	1.27	136.46285	-8.58543	7226.74	1385.46	2.45	2.25	-62.7	-0.402	19.65	21.44	02a58958o0198c
58962.309641	-17.625999999999998	0.575	-323	186	c	0	1.12	136.46285	-8.58543	1163.08	7061.45	2.72	2.34	42.8	-0.38	16.44	17.89	02a58962o0165c
58962.312863	-18.559	0.639	-137	88	c	0	1.18	136.46285	-8.58543	1144.41	7021.99	2.53	2.31	47.3	-0.39899999999999997	17.12	18.58	02a58962o0172c
58962.318439999995	-22.348000000000003	12.167	-4	51	c	0	1.29	136.46285	-8.58543	1202.18	7100.56	2.77	2.36	42.0	-0.37200000000000005	17.71	19.22	02a58962o0184c
58962.329967	-18.826	0.345	-107	37	c	0	1.05	136.46285	-8.58543	1224.51	6982.95	2.6	2.33	46.3	-0.391	17.94	19.46	02a58962o0209c
58982.250141	-21.813000000000002	1.775	-7	12	c	0	1.0	136.46285	-8.58543	5066.53	6881.73	2.96	2.4	48.0	-0.368	19.35	20.88	02a58982o0021c
58982.254286	20.796999999999997	0.777	17	14	c	0	0.98	136.46285	-8.58543	5046.38	6843.37	2.87	2.42	49.9	-0.38	19.4	21.02	02a58982o0030c
58982.260286000004	21.348000000000003	1.338	10	14	c	0	0.66	136.46285	-8.58543	5104.46	6921.26	2.75	2.38	54.3	-0.38799999999999996	19.51	21.13	02a58982o0043c
58982.271356	20.978	0.8170000000000001	15	12	c	0	1.01	136.46285	-8.58543	5123.24	6803.59	2.71	2.59	69.2	-0.396	19.35	21.04	02a58982o0067c
58986.273839	-21.129	0.6970000000000001	-13	9	c	0	1.4	136.46285	-8.58543	9193.29	3308.87	2.54	2.52	26.6	-0.386	19.53	21.15	02a58986o0090c
58986.27797	0.0	21.339000000000002	0	11	c	0	1.01	136.46285	-8.58543	9173.89	3268.87	2.53	2.46	-45.4	-0.39399999999999996	19.51	21.16	02a58986o0099c
58986.284415999995	-20.381	0.408	-26	10	c	0	1.23	136.46285	-8.58543	9233.05	3346.22	2.59	2.56	-33.8	-0.386	19.5	21.19	02a58986o0113c
58986.294538	-21.784000000000002	1.5530000000000002	-7	11	c	0	0.9	136.46285	-8.58543	9253.14	3227.91	2.58	2.49	-46.9	-0.385	19.52	21.24	02a58986o0135c
58990.244191	21.0	1.643	14	24	c	0	0.96	136.46285	-8.58543	9201.52	3307.44	2.46	2.3	-65.6	-0.39399999999999996	18.72	19.49	02a58990o0022c
58990.247413	21.886	3.128	6	20	c	0	1.07	136.46285	-8.58543	9183.69	3267.49	2.56	2.37	-65.9	-0.391	19.09	20.11	02a58990o0029c
58990.253865	-21.254	0.977	-11	11	c	0	0.94	136.46285	-8.58543	9241.96	3344.01	2.55	2.29	-62.7	-0.4	19.49	20.88	02a58990o0043c
58990.264463	22.13	1.923	5	10	c	0	1.18	136.46285	-8.58543	9263.57	3225.36	2.48	2.3	-61.0	-0.39799999999999996	19.57	21.13	02a58990o0066c
59142.596752	-21.967	1.6440000000000001	-6	10	c	0	1.66	136.46285	-8.58543	1277.27	5319.67	2.43	2.29	25.7	-0.41100000000000003	19.49	21.13	02a59142o0880c
59142.599958000006	21.365	1.012	10	10	c	0	1.13	136.46285	-8.58543	1295.45	5358.48	2.38	2.29	21.8	-0.413	19.51	21.15	02a59142o0887c
59142.605459000006	20.888	0.58	16	9	c	0	1.47	136.46285	-8.58543	1236.29	5279.91	2.47	2.32	25.5	-0.41	19.5	21.16	02a59142o0899c
59142.625628999995	26.035	79.0	0	11	c	0	1.32	136.46285	-8.58543	1209.91	5395.79	2.61	2.25	28.0	-0.39799999999999996	19.47	21.13	02a59142o0943c
59170.573866	22.491	2.7310000000000003	4	10	c	0	1.04	136.46285	-8.58543	5728.73	7547.04	2.71	2.33	39.3	-0.39	19.61	21.39	02a59170o0749c
59170.577086000005	-24.101999999999997	11.5	-1	10	c	0	1.01	136.46285	-8.58543	5747.96	7586.13	2.65	2.33	40.3	-0.39299999999999996	19.67	21.43	02a59170o0756c
59170.57985	-21.851	1.3259999999999998	-7	9	c	0	1.6	136.46285	-8.58543	5689.5	7507.25	2.75	2.35	33.9	-0.389	19.67	21.44	02a59170o0762c
59170.591758	21.866999999999997	1.413	6	9	c	0	1.23	136.46285	-8.58543	5670.29	7624.36	2.73	2.34	38.0	-0.389	19.7	21.46	02a59170o0788c
59178.578699	21.831999999999997	1.193	7	8	c	0	1.14	136.46285	-8.58543	5510.41	3674.78	2.27	2.23	32.9	-0.405	19.7	21.45	02a59178o0315c
59178.58052999999	21.503	0.782	9	7	c	0	1.57	136.46285	-8.58543	5529.46	3713.41	2.31	2.25	30.9	-0.40399999999999997	19.71	21.47	02a59178o0319c
59178.599186	21.885	1.2590000000000001	6	8	c	0	1.05	136.46285	-8.58543	5470.55	3636.68	2.36	2.27	36.3	-0.39799999999999996	19.7	21.48	02a59178o0359c
59178.601931	22.743000000000002	3.32	3	10	c	0	0.77	136.46285	-8.58543	5450.86	3753.73	2.34	2.22	33.7	-0.406	19.73	21.48	02a59178o0365c
59194.562295	21.895	1.426	6	9	c	0	1.12	136.46285	-8.58543	1092.03	1425.6	2.58	2.33	-63.1	-0.419	19.77	21.76	02a59194o0818c
59194.564127	21.758000000000003	0.9440000000000001	7	7	c	0	1.55	136.46285	-8.58543	1111.57	1464.73	2.57	2.31	-62.1	-0.42	19.77	21.75	02a59194o0822c
59194.56687	21.914	1.4469999999999998	6	9	c	0	0.8	136.46285	-8.58543	1051.63	1386.62	2.56	2.31	-62.9	-0.423	19.79	21.74	02a59194o0828c
59194.571922	-23.269000000000002	4.928999999999999	-2	9	c	0	1.06	136.46285	-8.58543	1032.8	1503.17	2.49	2.28	-60.6	-0.42200000000000004	19.74	21.71	02a59194o0839c
59196.536682000005	22.156999999999996	1.889	5	9	c	0	1.22	136.46285	-8.58543	7449.33	7268.88	3.36	3.09	7.7	-0.322	19.56	21.84	01a59196o0309c
59196.541288	22.419	2.522	4	10	c	0	0.78	136.46285	-8.58543	7427.91	7228.06	3.11	3.0	-33.3	-0.35	19.54	21.83	01a59196o0319c
59196.547289999995	23.753	5.7139999999999995	1	6	c	0	2.25	136.46285	-8.58543	7489.08	7307.81	3.09	2.96	43.9	-0.32799999999999996	19.53	21.83	01a59196o0332c
59196.584673000005	-21.334	1.476	-11	16	c	0	0.87	136.46285	-8.58543	7511.17	7191.25	5.91	5.5	21.5	-0.21100000000000002	18.88	21.77	01a59196o0346c
59198.52069299999	21.135	2.03	13	26	c	0	1.41	136.46285	-8.58543	1085.19	1428.37	2.55	2.36	-55.6	-0.413	18.52	20.26	02a59198o0725c
59198.523894000005	20.81	1.17	17	20	c	0	1.36	136.46285	-8.58543	1105.32	1466.94	2.58	2.37	-55.3	-0.41200000000000003	18.61	20.37	02a59198o0732c
59198.526641	-20.54	1.089	-22	24	c	0	1.39	136.46285	-8.58543	1046.1	1387.97	2.61	2.37	-56.0	-0.41200000000000003	18.24	20.02	02a59198o0738c
59198.53350700001	-22.214000000000002	6.1	-5	29	c	0	1.11	136.46285	-8.58543	1027.1	1505.36	2.52	2.35	-63.3	-0.413	18.24	19.98	02a59198o0753c
59204.529727	-22.195999999999998	1.3019999999999998	-5	6	c	0	1.3	136.46285	-8.58543	7255.25	3404.64	2.5	2.39	-67.0	-0.37799999999999995	19.85	21.89	01a59204o0669c
59204.532971	21.166999999999998	0.7120000000000001	12	9	c	0	0.95	136.46285	-8.58543	7236.88	3364.81	2.57	2.47	79.6	-0.379	19.79	21.91	01a59204o0676c
59204.538504	22.32	1.605	4	7	c	0	1.19	136.46285	-8.58543	7296.16	3442.82	2.47	2.44	-37.4	-0.38	19.86	21.92	01a59204o0688c
59204.555503999996	22.747	2.682	3	8	c	0	1.19	136.46285	-8.58543	7315.33	3325.47	2.73	2.6	6.4	-0.371	19.79	21.97	01a59204o0723c
59206.493865	22.833000000000002	2.9	3	8	c	0	1.61	136.46285	-8.58543	9319.62	1548.78	2.59	2.3	-59.0	-0.41100000000000003	19.72	21.73	02a59206o0643c
59206.495693	-21.414	0.795	-10	8	c	0	1.12	136.46285	-8.58543	9338.48	1588.25	2.6	2.31	-58.5	-0.413	19.75	21.75	02a59206o0647c
59206.499436	-20.824	0.524	-17	9	c	0	0.97	136.46285	-8.58543	9281.49	1509.8	2.62	2.3	-58.4	-0.413	19.75	21.77	02a59206o0655c
59206.50584	21.055	0.57	14	8	c	0	1.35	136.46285	-8.58543	9260.35	1627.09	2.55	2.25	-60.4	-0.413	19.8	21.77	02a59206o0669c
59223.52164199999	22.146	1.7180000000000002	5	9	c	0	1.07	136.46285	-8.58543	7543.66	5508.59	2.61	2.52	-74.3	-0.377	19.75	21.97	01a59223o0707c
59223.556922	20.377	1.5859999999999999	26	41	c	0	1.66	136.46285	-8.58543	7567.22	5544.09	2.61	2.44	-89.1	-0.38299999999999995	17.59	19.59	01a59223o0782c
59223.559718	20.598000000000003	8.6	21	180	c	0	0.86	136.46285	-8.58543	7509.9	5467.23	2.63	2.47	-79.9	-0.376	16.67	18.66	01a59223o0788c
59224.477141999996	-23.145	3.9410000000000003	-2	8	c	0	0.94	136.46285	-8.58543	3245.77	8916.56	2.64	2.42	-8.8	-0.36	19.74	21.93	01a59224o0550c
59224.478989999996	20.986	0.5	15	7	c	0	1.32	136.46285	-8.58543	3225.88	8877.1	2.58	2.4	-7.0	-0.361	19.73	21.94	01a59224o0554c
59224.484521000006	21.789	0.986	7	7	c	0	1.22	136.46285	-8.58543	3286.13	8955.83	2.38	2.27	-37.2	-0.374	19.8	21.92	01a59224o0566c
59224.489594000006	-21.764	1.175	-7	8	c	0	0.79	136.46285	-8.58543	3305.46	8837.94	2.62	2.33	-9.7	-0.371	19.75	21.94	01a59224o0577c
59226.468822	-21.803	1.229	-7	8	c	0	0.89	136.46285	-8.58543	9514.68	5443.75	2.59	2.5	-69.4	-0.40700000000000003	19.82	21.95	02a59226o0595c
59226.470656	21.304000000000002	0.74	11	8	c	0	0.8	136.46285	-8.58543	9534.79	5482.7	2.64	2.55	-72.1	-0.40399999999999997	19.79	21.95	02a59226o0599c
59226.477566999994	21.276	0.597	11	7	c	0	1.42	136.46285	-8.58543	9475.84	5405.36	2.59	2.55	-73.0	-0.402	19.84	21.98	02a59226o0614c
59226.482603	-22.283	1.767	-4	8	c	0	1.28	136.46285	-8.58543	9456.63	5521.94	2.63	2.54	-70.6	-0.405	19.79	21.98	02a59226o0625c
59228.464030999996	-22.968000000000004	3.875	-2	9	c	0	0.99	136.46285	-8.58543	3245.23	8916.08	3.02	2.72	-12.5	-0.341	19.6	22.01	01a59228o0302c
59228.46634400001	22.968000000000004	3.786	2	9	c	0	1.07	136.46285	-8.58543	3225.77	8877.01	3.35	2.91	7.6	-0.304	19.5	22.01	01a59228o0307c
59228.46911699999	21.753	1.143	7	8	c	0	1.38	136.46285	-8.58543	3283.49	8954.0	3.57	2.76	5.0	-0.317	19.54	22.01	01a59228o0313c
59228.474184000006	-21.5	0.821	-9	8	c	0	1.74	136.46285	-8.58543	3303.79	8838.06	3.12	2.92	-10.5	-0.335	19.57	22.0	01a59228o0324c
59230.44614099999	22.66	2.667	3	8	c	0	1.32	136.46285	-8.58543	9515.14	5443.63	2.64	2.55	-72.4	-0.39799999999999996	19.73	21.71	02a59230o0537c
59230.448427999996	-22.291	2.133	-4	9	c	0	0.96	136.46285	-8.58543	9534.59	5482.44	2.6	2.57	-68.8	-0.397	19.75	21.74	02a59230o0542c
59230.451172	21.249000000000002	0.675	12	8	c	0	1.56	136.46285	-8.58543	9477.19	5404.23	2.64	2.57	-79.8	-0.39799999999999996	19.77	21.75	02a59230o0548c
59230.456211000004	-21.761999999999997	0.96	-7	7	c	0	2.01	136.46285	-8.58543	9457.18	5520.69	2.58	2.51	-86.0	-0.40299999999999997	19.81	21.76	02a59230o0559c
59232.458064	-22.238000000000003	1.966	-5	9	c	0	1.4	136.46285	-8.58543	9287.63	5224.64	3.38	2.28	-87.7	-0.47200000000000003	19.65	21.69	01a59232o0437c
59232.459908000004	23.385	7.1	2	11	c	0	1.03	136.46285	-8.58543	9268.66	5186.64	3.43	2.34	-88.2	-0.45899999999999996	19.66	21.7	01a59232o0441c
59232.462697	-21.199	0.754	-12	9	c	0	1.64	136.46285	-8.58543	9328.09	5265.04	3.49	2.57	-86.8	-0.435	19.6	21.72	01a59232o0447c
59232.469349	24.320999999999998	17.0	1	12	c	0	0.94	136.46285	-8.58543	9348.66	5151.4	3.44	2.45	-89.5	-0.452	19.63	21.73	01a59232o0461c
59234.477744	-22.365	10.375	-4	43	c	0	1.06	136.46285	-8.58543	964.93	3166.52	2.4	2.27	-60.7	-0.418	18.12	19.9	02a59234o0367c
59234.483215	20.828000000000003	1.055	17	18	c	0	0.87	136.46285	-8.58543	944.43	3126.17	2.42	2.27	-61.6	-0.418	18.73	20.61	02a59234o0378c
59234.486447	20.048	1.127	35	39	c	0	1.13	136.46285	-8.58543	1004.86	3206.89	2.43	2.29	-60.2	-0.41700000000000004	18.27	20.05	02a59234o0385c
59234.497049	20.362000000000002	1.4340000000000002	26	37	c	0	1.19	136.46285	-8.58543	1025.74	3092.23	2.41	2.27	-61.2	-0.424	18.86	20.72	02a59234o0407c
59252.43713	23.616	5.667000000000001	1	7	c	0	1.11	136.46285	-8.58543	3417.04	9115.32	2.56	2.27	-70.1	-0.39299999999999996	19.8	22.01	01a59252o0505c
59252.44035800001	21.843000000000004	1.236	7	8	c	0	0.86	136.46285	-8.58543	3437.22	9153.86	2.71	2.41	-70.9	-0.38799999999999996	19.77	22.01	01a59252o0512c
59252.446374	23.714000000000002	6.0	1	7	c	0	1.4	136.46285	-8.58543	3380.3	9075.55	2.65	2.4	-70.7	-0.39399999999999996	19.77	22.01	01a59252o0525c
59252.458851999996	25.006	21.666999999999998	0	8	c	0	0.93	136.46285	-8.58543	3363.48	9193.59	2.68	2.42	-65.3	-0.384	19.76	22.01	01a59252o0552c
59256.378732000005	19.395	0.138	63	9	c	0	1.23	136.46285	-8.58543	1179.5	7061.66	2.72	2.53	-72.5	-0.361	19.66	21.94	01a59256o0376c
59256.380574	19.211	0.114	75	9	c	0	1.2	136.46285	-8.58543	1156.81	7021.77	2.69	2.48	-81.1	-0.364	19.7	21.94	01a59256o0380c
59256.383336	19.18	0.11	77	8	c	0	1.17	136.46285	-8.58543	1216.59	7100.47	2.57	2.35	-78.2	-0.376	19.75	21.96	01a59256o0386c
59256.388867999995	19.349	0.111	66	7	c	0	1.9	136.46285	-8.58543	1237.23	6984.75	2.53	2.33	-77.3	-0.376	19.76	21.97	01a59256o0398c
59258.442709	19.284000000000002	0.132	70	9	c	0	1.19	136.46285	-8.58543	9108.78	1349.53	2.83	2.53	-63.4	-0.397	19.63	21.68	02a59258o0490c
59258.478174	19.046	0.121	88	10	c	0	1.05	136.46285	-8.58543	9087.6	1313.85	2.96	2.6	-56.6	-0.409	19.57	21.66	02a59258o0566c
59258.506661	19.631	0.212	51	11	c	0	1.01	136.46285	-8.58543	9144.06	1393.56	3.11	2.77	-54.8	-0.39299999999999996	19.53	21.59	02a59258o0627c
59258.531801	19.491	0.16399999999999998	58	10	c	0	1.08	136.46285	-8.58543	9165.48	1275.28	2.87	2.51	-52.6	-0.39299999999999996	19.54	21.54	02a59258o0681c
59260.403848	19.637999999999998	0.195	51	10	c	0	1.13	136.46285	-8.58543	9360.57	3498.01	2.87	2.72	-59.2	-0.365	19.74	21.93	01a59260o0321c
59260.407995	19.602999999999998	0.191	52	10	c	0	1.17	136.46285	-8.58543	9381.56	3535.69	3.12	2.96	-75.3	-0.35600000000000004	19.64	21.91	01a59260o0330c
59260.413522	19.986	0.18899999999999997	37	7	c	0	2.11	136.46285	-8.58543	9322.99	3457.07	2.71	2.56	-63.0	-0.38	19.81	21.91	01a59260o0342c
59260.425126999995	19.757	0.19899999999999998	45	9	c	0	1.34	136.46285	-8.58543	9305.19	3571.32	3.06	2.89	-74.3	-0.34299999999999997	19.6	21.9	01a59260o0367c
59261.434297	19.712	0.17300000000000001	47	8	c	0	1.31	136.46285	-8.58543	9101.46	1353.1	2.5	2.29	-66.9	-0.402	19.76	21.73	02a59261o0488c
59261.43845	19.658	0.17800000000000002	50	9	c	0	1.32	136.46285	-8.58543	9083.21	1313.98	2.56	2.32	-60.1	-0.40700000000000003	19.73	21.73	02a59261o0497c
59261.443937000004	19.787	0.192	44	8	c	0	1.08	136.46285	-8.58543	9141.99	1391.99	2.48	2.25	-59.8	-0.41100000000000003	19.75	21.72	02a59261o0509c
59261.476874	20.296	0.29600000000000004	28	8	c	0	1.27	136.46285	-8.58543	9161.67	1275.39	2.45	2.24	-60.8	-0.41100000000000003	19.72	21.65	02a59261o0580c
59262.432665	20.302	0.275	28	8	c	0	1.21	136.46285	-8.58543	9109.52	1348.78	2.6	2.29	-58.8	-0.409	19.72	21.65	02a59262o0478c
59262.436331	19.6	0.163	52	9	c	0	1.45	136.46285	-8.58543	9090.36	1308.58	2.56	2.26	-57.9	-0.41200000000000003	19.74	21.64	02a59262o0486c
59262.442326	19.738	0.18100000000000002	46	8	c	0	1.07	136.46285	-8.58543	9149.93	1389.86	2.54	2.23	-59.9	-0.413	19.73	21.63	02a59262o0499c
59262.452952	20.072	0.285	34	10	c	0	1.14	136.46285	-8.58543	9171.2	1271.06	2.57	2.2	-59.3	-0.41600000000000004	19.73	21.62	02a59262o0522c
59263.406001999996	20.884	1.136	16	18	c	0	2.45	136.46285	-8.58543	9366.9	3491.66	2.53	2.42	-40.5	-0.37200000000000005	18.57	20.42	01a59263o0336c
59263.450677	-18.255	2.966	-181	537	c	0	0.78	136.46285	-8.58543	9316.61	3561.99	2.59	2.53	-57.8	-0.355	15.61	17.6	01a59263o0432c
59264.435699	20.623	0.75	20	15	c	0	1.64	136.46285	-8.58543	5731.91	7560.52	2.52	2.4	-85.6	-0.37799999999999995	18.53	20.49	01a59264o0482c
59264.439381	20.594	1.304	21	27	c	0	1.22	136.46285	-8.58543	5751.94	7599.66	2.64	2.51	-80.0	-0.375	18.47	20.52	01a59264o0490c
59264.445863	21.191	4.0	12	48	c	0	1.35	136.46285	-8.58543	5693.96	7521.95	2.79	2.66	-82.6	-0.366	17.91	19.99	01a59264o0504c
59264.462966	17.789	0.922	278	257	c	0	1.32	136.46285	-8.58543	5676.46	7635.12	2.4	2.27	-84.1	-0.375	15.93	17.99	01a59264o0541c
59307.361127	22.221	1.49	5	7	c	0	1.02	136.46285	-8.58543	7428.14	3587.15	2.34	2.2	-82.6	-0.37799999999999995	19.93	21.54	01a59307o0290c
59307.367116999994	21.656999999999996	1.014	8	8	c	0	0.97	136.46285	-8.58543	7447.44	3624.83	2.47	2.29	-85.0	-0.384	19.85	21.5	01a59307o0303c
59307.378209	21.576999999999998	0.9009999999999999	8	8	c	0	1.08	136.46285	-8.58543	7388.37	3547.34	2.44	2.28	-88.2	-0.377	19.82	21.46	01a59307o0327c
59307.38228	21.069000000000003	0.644	14	9	c	0	1.15	136.46285	-8.58543	7366.52	3664.84	2.59	2.33	-88.8	-0.386	19.81	21.45	01a59307o0335c
59308.318728	21.323	0.657	11	7	c	0	1.34	136.46285	-8.58543	7415.67	3590.26	2.29	2.23	26.1	-0.38299999999999995	19.85	21.4	01a59308o0009c
59308.32195599999	21.288	0.845	11	9	c	0	1.07	136.46285	-8.58543	7436.88	3629.7	2.3	2.21	40.0	-0.379	19.68	21.2	01a59308o0016c
59308.329788	-22.726999999999997	2.31	-3	7	c	0	1.3	136.46285	-8.58543	7380.58	3550.79	2.33	2.22	83.3	-0.381	19.82	21.39	01a59308o0033c
59308.341009	-23.509	6.25	-1	9	c	0	1.08	136.46285	-8.58543	7362.02	3664.27	2.52	2.36	70.6	-0.386	19.7	21.36	01a59308o0057c
59312.325049	22.824	2.345	3	6	c	0	1.2	136.46285	-8.58543	7784.62	9401.03	2.32	2.16	88.7	-0.364	20.03	21.92	01a59312o0232c
59312.328730999994	-22.543000000000003	1.639	-4	6	c	0	1.9	136.46285	-8.58543	7804.74	9440.03	2.36	2.23	86.2	-0.359	20.01	21.92	01a59312o0240c
59312.336094000006	20.901999999999997	0.42100000000000004	16	7	c	0	0.87	136.46285	-8.58543	7745.77	9361.33	2.41	2.24	-83.9	-0.35600000000000004	20.0	21.93	01a59312o0256c
59312.346697	21.169	0.5329999999999999	12	7	c	0	1.32	136.46285	-8.58543	7727.64	9477.77	2.45	2.25	76.2	-0.35	19.98	21.93	01a59312o0279c
59320.291345000005	20.774	0.836	18	15	c	0	0.89	136.46285	-8.58543	9500.98	5469.82	5.15	2.35	-87.0	-0.366	19.17	21.25	01a59320o0155c
59320.303439999996	-23.035	19.0	-2	42	c	0	1.14	136.46285	-8.58543	9443.99	5399.84	5.53	2.31	-89.9	-0.34	17.8	19.98	01a59320o0181c
59320.314151	-20.77	0.897	-18	16	c	0	1.0	136.46285	-8.58543	9425.48	5506.27	4.35	2.18	-88.4	-0.436	19.16	21.12	01a59320o0204c
59338.32186900001	-22.489	6.5	-4	24	c	0	0.8	136.46285	-8.58543	9284.79	5249.31	2.56	2.55	71.7	-0.39399999999999996	18.89	20.52	02a59338o0127c
59338.325549	21.386999999999997	1.5	10	15	c	0	0.95	136.46285	-8.58543	9265.53	5210.31	2.51	2.51	81.3	-0.39399999999999996	19.04	20.69	02a59338o0135c
59338.333375	-23.5	15.25	-1	22	c	0	1.82	136.46285	-8.58543	9323.45	5288.33	2.6	2.53	-54.0	-0.39799999999999996	18.66	20.26	02a59338o0152c
59338.343454999995	-19.366	0.7829999999999999	-65	51	c	0	1.84	136.46285	-8.58543	9341.89	5171.31	2.6	2.5	-45.0	-0.397	18.04	19.54	02a59338o0174c
59342.280696	21.633000000000003	0.945	8	8	c	0	1.31	136.46285	-8.58543	9289.26	5248.06	2.53	2.46	-71.7	-0.39899999999999997	19.61	21.34	02a59342o0096c
59342.284391999994	25.206	32.5	0	10	c	0	0.92	136.46285	-8.58543	9269.72	5209.75	2.55	2.5	-74.2	-0.395	19.64	21.35	02a59342o0104c
59342.289898	-22.41	2.385	-4	9	c	0	1.17	136.46285	-8.58543	9328.79	5286.52	2.56	2.52	57.6	-0.392	19.59	21.35	02a59342o0116c
59342.300464	-21.176	0.821	-12	10	c	0	1.12	136.46285	-8.58543	9349.07	5171.1	2.49	2.44	-70.6	-0.401	19.62	21.33	02a59342o0139c
59346.26014500001	20.656	0.511	20	10	c	0	0.96	136.46285	-8.58543	862.03	1227.12	2.51	2.32	-64.2	-0.431	19.56	21.27	02a59346o0066c
59346.264278999995	21.355	1.113	10	12	c	0	1.11	136.46285	-8.58543	843.04	1187.09	2.55	2.32	-62.4	-0.43200000000000005	19.55	21.27	02a59346o0075c
59346.271158	21.371	0.91	10	9	c	0	1.13	136.46285	-8.58543	902.46	1266.38	2.62	2.35	-59.2	-0.43200000000000005	19.55	21.26	02a59346o0090c
59346.281263	23.171999999999997	5.846	2	11	c	0	1.05	136.46285	-8.58543	924.06	1147.55	2.6	2.27	-55.9	-0.442	19.58	21.26	02a59346o0112c
59350.24772100001	19.952	0.42700000000000005	38	16	c	0	1.09	136.46285	-8.58543	867.61	1226.64	3.08	2.68	-54.6	-0.405	18.95	20.37	02a59350o0032c
59350.250927999994	-21.017	1.0490000000000002	-14	15	c	0	0.84	136.46285	-8.58543	848.61	1186.64	2.85	2.52	-57.1	-0.41100000000000003	19.23	20.64	02a59350o0039c
59350.256418	21.458000000000002	1.538	10	15	c	0	0.77	136.46285	-8.58543	908.82	1265.58	2.94	2.53	-54.8	-0.41700000000000004	19.3	20.82	02a59350o0051c
59350.266974	-20.971999999999998	0.861	-15	13	c	0	1.08	136.46285	-8.58543	929.32	1147.19	3.01	2.53	-52.2	-0.415	19.27	20.83	02a59350o0074c
59368.246999	21.149	1.195	13	15	c	0	1.13	136.46285	-8.58543	5853.3	9494.09	2.21	1.98	-80.8	-0.368	18.99	19.66	01a59368o0026c
59368.250692999994	-22.405	2.958	-4	12	c	0	1.05	136.46285	-8.58543	5872.83	9533.41	2.16	1.96	-80.7	-0.369	19.39	20.36	01a59368o0034c
59368.258064	23.541999999999998	6.25	1	9	c	0	1.29	136.46285	-8.58543	5813.76	9456.16	2.18	2.01	-77.8	-0.373	19.68	21.06	01a59368o0050c
59368.270962	20.759	0.49200000000000005	18	9	c	0	1.0	136.46285	-8.58543	5791.69	9574.55	2.22	1.98	-74.2	-0.38299999999999995	19.68	21.15	01a59368o0078c
59376.245961	-19.708	1.033	-48	49	c	0	1.44	136.46285	-8.58543	5350.63	1752.05	2.77	2.54	83.5	-0.389	17.74	18.35	01a59376o0019c
59376.248739999995	-19.934	0.768	-39	30	c	0	1.02	136.46285	-8.58543	5370.14	1790.39	2.58	2.5	-75.8	-0.365	18.35	19.05	01a59376o0025c
59376.25427899999	19.305	0.302	69	21	c	0	0.9	136.46285	-8.58543	5310.53	1711.86	3.47	3.34	-59.1	-0.331	18.74	20.14	01a59376o0037c
59376.264906	21.844	1.51	7	10	c	0	1.48	136.46285	-8.58543	5289.7	1828.56	2.55	2.45	-62.8	-0.381	19.36	20.87	01a59376o0060c
59522.615766999996	21.769000000000002	1.3459999999999999	7	10	c	0	1.26	136.46285	-8.58543	7551.72	5520.96	2.61	2.33	30.2	-0.38299999999999995	19.61	21.35	02a59522o0945c
59522.625838	-24.546	16.5	-1	9	c	0	1.43	136.46285	-8.58543	7568.29	5559.57	2.61	2.37	29.1	-0.382	19.6	21.38	02a59522o0967c
59522.636830999996	20.629	0.506	20	10	c	0	1.24	136.46285	-8.58543	7513.48	5482.56	2.51	2.31	35.4	-0.386	19.63	21.34	02a59522o0991c
59522.644641	22.943	4.7780000000000005	2	12	c	0	1.47	136.46285	-8.58543	7493.31	5598.38	2.61	2.32	33.6	-0.382	19.4	20.87	02a59522o1008c
59526.558898	21.64	1.429	8	12	c	0	0.97	136.46285	-8.58543	7548.6	5522.12	2.63	2.36	36.8	-0.384	19.56	21.08	02a59526o0818c
59526.562565	-23.714000000000002	9.375	-1	11	c	0	1.22	136.46285	-8.58543	7566.67	5560.2	2.72	2.39	33.7	-0.37799999999999995	19.54	21.1	02a59526o0826c
59526.568552	21.968000000000004	1.8330000000000002	6	11	c	0	1.22	136.46285	-8.58543	7509.52	5483.42	2.6	2.37	36.1	-0.381	19.55	21.13	02a59526o0839c
59526.579583000006	-23.021	4.8	-2	11	c	0	1.0	136.46285	-8.58543	7488.24	5598.86	2.75	2.43	38.1	-0.375	19.54	21.18	02a59526o0863c
59586.472111	-21.893	1.521	-6	10	c	0	0.99	136.46285	-8.58543	1387.48	7250.71	2.3	2.13	-42.6	-0.45799999999999996	19.71	21.81	02a59586o0564c
59586.482319	21.469	0.879	9	8	c	0	1.4	136.46285	-8.58543	1403.84	7288.93	2.4	2.23	-43.9	-0.446	19.72	21.82	02a59586o0585c
59586.48553300001	22.608	2.88	3	10	c	0	1.08	136.46285	-8.58543	1347.71	7211.14	2.3	2.13	-41.9	-0.45399999999999996	19.73	21.81	02a59586o0592c
59586.491067999996	-21.541	1.215	-9	11	c	0	0.91	136.46285	-8.58543	1328.18	7328.71	2.35	2.15	-44.4	-0.457	19.69	21.82	02a59586o0604c
59590.584977	-21.587	1.13	-8	10	c	0	1.35	136.46285	-8.58543	9184.07	3309.86	2.58	2.33	-62.6	-0.40399999999999997	19.57	21.67	02a59590o0303c
59590.588652	21.833000000000002	1.19	7	8	c	0	1.98	136.46285	-8.58543	9165.0	3271.45	2.6	2.37	-62.9	-0.405	19.58	21.67	02a59590o0311c
59590.598422	20.912	0.605	16	10	c	0	1.51	136.46285	-8.58543	9227.59	3350.54	2.79	2.5	-59.2	-0.39799999999999996	19.51	21.63	02a59590o0332c
59612.447037	22.011999999999997	1.615	6	9	c	0	1.2	136.46285	-8.58543	3120.64	6963.93	2.55	2.44	28.8	-0.40299999999999997	19.64	21.66	02a59612o0521c
59612.451248000005	-22.065	1.949	-5	11	c	0	0.82	136.46285	-8.58543	3102.02	6926.82	2.45	2.38	24.3	-0.413	19.69	21.67	02a59612o0530c
59612.461386	21.241999999999997	0.8640000000000001	12	10	c	0	0.75	136.46285	-8.58543	3159.68	7004.83	2.47	2.43	12.8	-0.413	19.64	21.67	02a59612o0552c
59612.468289	-23.34	5.364	-2	9	c	0	1.37	136.46285	-8.58543	3180.75	6890.7	2.59	2.49	36.4	-0.40399999999999997	19.66	21.68	02a59612o0567c
59616.43784500001	-21.699	1.127	-8	9	c	0	1.25	136.46285	-8.58543	3119.97	6963.9	2.51	2.32	30.9	-0.40700000000000003	19.67	21.61	02a59616o0500c
59616.472337	23.076	4.2139999999999995	2	9	c	0	0.93	136.46285	-8.58543	3097.51	6923.5	2.6	2.48	45.2	-0.4	19.62	21.61	02a59616o0572c
59616.47555	-21.671	1.088	-8	8	c	0	1.13	136.46285	-8.58543	3157.73	7004.01	2.41	2.36	46.5	-0.413	19.65	21.61	02a59616o0579c
59616.50207	22.81	4.071000000000001	3	11	c	0	1.13	136.46285	-8.58543	3178.54	6891.5	2.91	2.86	65.6	-0.38	19.47	21.49	02a59616o0634c
59636.374039999995	20.456	0.424	24	10	c	0	0.76	136.46285	-8.58543	970.62	3162.43	2.52	2.47	-64.8	-0.42700000000000005	19.63	21.63	02a59636o0356c
59636.380989	20.904	0.679	16	11	c	0	0.98	136.46285	-8.58543	952.2	3125.86	2.48	2.38	-70.7	-0.433	19.65	21.63	02a59636o0370c
59636.384210000004	21.75	1.44	7	10	c	0	0.89	136.46285	-8.58543	1009.6	3200.17	2.46	2.41	-77.4	-0.434	19.65	21.64	02a59636o0377c
59636.39440800001	24.743000000000002	19.0	0	9	c	0	1.66	136.46285	-8.58543	1030.56	3088.83	2.55	2.47	-73.2	-0.429	19.63	21.64	02a59636o0398c
59640.332115	20.607	0.45799999999999996	21	10	c	0	1.09	136.46285	-8.58543	9624.4	7392.15	2.62	2.46	-71.7	-0.42	19.69	21.53	02a59640o0252c
59640.339622	-25.912	65.0	0	10	c	0	0.96	136.46285	-8.58543	9644.34	7431.22	2.6	2.45	-68.4	-0.42	19.73	21.6	02a59640o0267c
59640.342648000005	-22.851	3.235	-3	8	c	0	1.3	136.46285	-8.58543	9585.41	7351.6	2.57	2.47	-66.7	-0.41700000000000004	19.72	21.61	02a59640o0273c
59640.352484	20.808000000000003	0.523	17	9	c	0	1.05	136.46285	-8.58543	9567.13	7468.94	2.59	2.45	-70.5	-0.418	19.72	21.62	02a59640o0293c
59644.371697	20.6	0.75	21	16	c	0	1.18	136.46285	-8.58543	2915.19	3083.15	2.26	2.13	12.4	-0.45	18.93	21.65	02a59644o0239c
59644.375135	20.355999999999998	0.5	26	13	c	0	1.37	136.46285	-8.58543	2895.85	3044.44	2.27	2.14	17.0	-0.44799999999999995	18.91	21.69	02a59644o0246c
59644.380592999994	20.932	0.925	15	14	c	0	1.21	136.46285	-8.58543	2954.01	3123.11	2.26	2.14	17.6	-0.44799999999999995	18.94	21.67	02a59644o0257c
59644.391152	23.717	13.5	1	16	c	0	1.06	136.46285	-8.58543	2974.41	3007.23	2.28	2.17	15.0	-0.446	18.93	21.7	02a59644o0278c
59664.32776	22.2	2.3080000000000003	5	11	c	0	1.07	136.46285	-8.58543	9118.88	1345.02	2.88	2.61	-59.9	-0.409	19.46	21.75	02a59664o0242c
59664.33096	-21.125999999999998	1.02	-13	13	c	0	0.99	136.46285	-8.58543	9100.59	1308.0	3.4	3.11	-67.6	-0.392	19.33	21.76	02a59664o0249c
59664.33783	-20.703000000000003	0.536	-19	10	c	0	1.31	136.46285	-8.58543	9158.94	1386.78	2.67	2.41	-63.6	-0.408	19.43	21.67	02a59664o0264c
59664.453158000004	21.351	1.2690000000000001	10	13	c	0	1.38	136.46285	-8.58543	9176.72	1278.42	2.8	2.68	-58.2	-0.4	19.16	21.32	02a59664o0277c
59668.262904999996	-17.851	1.0	-263	263	c	0	1.46	136.46285	-8.58543	5630.49	5633.03	2.61	2.37	31.2	-0.39299999999999996	16.04	17.85	02a59668o0106c
59668.264733	19.425	5.737	62	354	c	0	1.1	136.46285	-8.58543	5649.77	5671.06	2.65	2.4	31.0	-0.39899999999999997	15.93	17.74	02a59668o0110c
59668.267936000004	16.511	0.531	902	479	c	0	1.33	136.46285	-8.58543	5592.85	5593.49	2.58	2.32	31.8	-0.41	15.58	17.37	02a59668o0117c
59668.272958	-21.921999999999997	26.25	-6	162	c	0	0.85	136.46285	-8.58543	5573.62	5710.26	2.59	2.33	29.8	-0.39799999999999996	16.79	18.58	02a59668o0128c
59672.254162	-21.648000000000003	1.4669999999999999	-8	12	c	0	1.45	136.46285	-8.58543	5636.92	5634.52	2.86	2.63	28.3	-0.392	19.35	21.44	02a59672o0052c
59672.25601699999	22.631	3.947	3	13	c	0	0.83	136.46285	-8.58543	5655.55	5673.87	2.84	2.54	30.7	-0.392	19.39	21.44	02a59672o0056c
59676.236813999996	21.516	2.417	9	22	c	0	1.03	136.46285	-8.58543	5848.32	9520.43	2.67	2.58	-83.3	-0.507	19.05	20.78	02a59676o0048c
59676.240026	20.74	0.8	18	15	c	0	2.01	136.46285	-8.58543	5868.7	9558.08	2.6	2.48	-68.3	-0.41600000000000004	19.19	20.95	02a59676o0055c
59676.242766999996	-23.403000000000002	9.7	-2	15	c	0	1.41	136.46285	-8.58543	5810.32	9480.24	2.58	2.47	-69.8	-0.419	19.27	21.02	02a59676o0061c
59676.254744000005	20.999000000000002	0.956	14	14	c	0	1.84	136.46285	-8.58543	5792.11	9600.15	2.61	2.46	-61.9	-0.423	19.29	21.11	02a59676o0087c
59680.29527	21.394000000000002	2.427	10	24	c	0	1.32	136.46285	-8.58543	4750.76	1064.17	2.43	2.28	-80.2	-0.428	18.34	19.98	02a59680o0153c
59680.29849	22.839000000000002	21.059	3	56	c	0	1.43	136.46285	-8.58543	4732.54	1025.66	2.44	2.27	-87.4	-0.43799999999999994	17.76	19.31	02a59680o0160c
59680.308644000004	19.242	0.58	73	42	c	0	1.44	136.46285	-8.58543	4792.56	1107.77	2.4	2.25	-81.6	-0.436	17.88	19.41	02a59680o0182c
59680.316833000004	20.799	2.77	17	48	c	0	0.88	136.46285	-8.58543	4812.41	987.98	2.39	2.22	-81.7	-0.435	17.6	19.26	02a59680o0199c
59692.305416999996	22.438000000000002	2.9130000000000003	4	11	c	0	1.28	136.46285	-8.58543	7398.6	5384.9	2.79	2.46	39.1	-0.39	19.34	21.24	02a59692o0078c
59692.319172	-20.678	0.63	-19	12	c	0	1.3	136.46285	-8.58543	7419.16	5270.21	2.82	2.49	38.6	-0.384	19.24	21.1	02a59692o0108c
59696.252268	-20.881	0.6809999999999999	-16	11	c	0	1.23	136.46285	-8.58543	7356.41	5340.31	2.6	2.31	38.4	-0.40299999999999997	19.55	21.41	02a59696o0052c
59696.256379	20.586	0.542	21	12	c	0	1.14	136.46285	-8.58543	7336.95	5301.42	2.62	2.35	37.7	-0.40299999999999997	19.52	21.42	02a59696o0061c
59696.26327	-22.557	3.174	-3	11	c	0	1.37	136.46285	-8.58543	7393.79	5379.44	2.66	2.37	38.7	-0.39899999999999997	19.51	21.4	02a59696o0076c
59696.277151	-21.503	1.213	-9	11	c	0	1.45	136.46285	-8.58543	7416.41	5263.21	2.64	2.37	40.4	-0.4	19.45	21.35	02a59696o0106c
59700.25216900001	-21.058000000000003	1.524	-14	21	c	0	1.57	136.46285	-8.58543	7443.88	7274.7	2.75	2.42	36.2	-0.401	18.68	20.15	02a59700o0052c
59700.25769299999	-19.719	0.586	-47	28	c	0	1.01	136.46285	-8.58543	7424.76	7234.23	2.77	2.43	37.6	-0.39899999999999997	18.67	20.13	02a59700o0064c
59700.268736	20.859	5.667000000000001	16	93	c	0	1.1	136.46285	-8.58543	7483.82	7313.99	2.84	2.55	39.0	-0.392	17.64	19.15	02a59700o0088c
59700.271941	-19.817	2.379	-43	102	c	0	1.09	136.46285	-8.58543	7504.16	7197.93	2.76	2.51	38.3	-0.39299999999999996	17.03	18.45	02a59700o0095c
59704.246697	-20.459	0.6859999999999999	-24	16	c	0	0.95	136.46285	-8.58543	7453.52	7277.58	2.82	2.32	34.6	-0.39899999999999997	19.07	20.29	02a59704o0036c
59704.250363	-20.463	0.927	-24	22	c	0	0.93	136.46285	-8.58543	7433.1	7239.56	2.79	2.32	35.0	-0.401	18.95	20.28	02a59704o0044c
59704.255455	20.275	1.615	28	46	c	0	1.64	136.46285	-8.58543	7491.26	7317.26	2.81	2.33	36.9	-0.397	17.88	19.12	02a59704o0055c
59704.265597000005	16.537	3.26	882	2875	c	0	0.83	136.46285	-8.58543	7511.49	7202.34	2.91	2.5	32.2	-0.41	14.67	15.99	02a59704o0077c
59720.258631	-22.131999999999998	2.241	-5	11	c	0	1.36	136.46285	-8.58543	7550.36	9239.11	2.96	2.44	35.8	-0.385	19.43	20.82	02a59720o0052c
59720.262286000005	-21.241999999999997	0.985	-12	11	c	0	1.1	136.46285	-8.58543	7530.85	9200.81	2.89	2.43	36.1	-0.38799999999999996	19.44	20.87	02a59720o0060c
59720.268242	22.087	2.267	5	12	c	0	1.16	136.46285	-8.58543	7587.53	9279.49	2.93	2.44	37.3	-0.385	19.44	20.9	02a59720o0073c
59720.27967999999	20.636999999999997	0.47	20	10	c	0	1.83	136.46285	-8.58543	7604.94	9160.67	2.77	2.46	33.8	-0.39399999999999996	19.44	20.88	02a59720o0098c
